,last_update,timestamp,tests_performed,abbreviation_canton,name_canton,number_canton,lat,long,total_positive_cases,total_currently_positive_cases,new_hosp,total_hospitalized,intensive_care,total_currently_positive_per_100k,deaths_per_100k,released,ncumul_ICU_intub,deaths,ncumul_vent,ncumul_confirmed_non_resident,current_hosp_non_resident,TotalPosTests1,ninst_ICU_intub,ncumul_ICF,ncumul_deceased_suspect,new_positive_cases,new_deaths,source,doubling_time_total_positive,doubling_time_fatalities
12,2020-04-25 12:03:50,2020-02-28 02:00:00,,BL,Basel-Landschaft,13,47.45176,7.702414,1,1,0,,,0.35,,,0,,,,,,,,,0,0,https://www.baselland.ch/politik-und-behorden/direktionen/volkswirtschafts-und-gesundheitsdirektion/medienmitteilungen/neuer-coronavirus-covid-19-erster-bestaetigter-fall-aus-dem-kanton-basel-landschaft,0.0,0.0
20,2020-04-25 12:03:50,2020-02-29 02:00:00,,BL,Basel-Landschaft,13,47.45176,7.702414,2,2,0,1,,0.7,,,0,,,,,,,,,1,0,https://www.baselland.ch/politik-und-behorden/direktionen/volkswirtschafts-und-gesundheitsdirektion/medienmitteilungen/weiterer-bestaetigter-fall-aus-dem-kanton-basel-landschaft,0.0,0.0
30,2020-04-25 12:03:50,2020-03-01 02:00:00,,BL,Basel-Landschaft,13,47.45176,7.702414,2,2,0,1,,0.7,,,0,,,,,,,,,0,0,https://www.baselland.ch/politik-und-behorden/direktionen/volkswirtschafts-und-gesundheitsdirektion/medienmitteilungen/weiterer-bestaetigter-fall-aus-dem-kanton-basel-landschaft,0.0,0.0
43,2020-04-25 12:03:50,2020-03-02 02:00:00,,BL,Basel-Landschaft,13,47.45176,7.702414,2,2,0,1,,0.7,,,0,,,,,,,,,0,0,https://www.baselland.ch/politik-und-behorden/direktionen/volkswirtschafts-und-gesundheitsdirektion/medienmitteilungen/weiterer-bestaetigter-fall-aus-dem-kanton-basel-landschaft,0.0,0.0
56,2020-04-25 12:03:50,2020-03-03 02:00:00,,BL,Basel-Landschaft,13,47.45176,7.702414,2,2,0,1,,0.7,,,0,,,,,,,,,0,0,https://www.baselland.ch/politik-und-behorden/direktionen/volkswirtschafts-und-gesundheitsdirektion/medienmitteilungen/weiterer-bestaetigter-fall-aus-dem-kanton-basel-landschaft,0.0,0.0
70,2020-04-25 12:03:50,2020-03-04 02:00:00,,BL,Basel-Landschaft,13,47.45176,7.702414,2,2,0,1,,0.7,,,0,,,,,,,,,0,0,https://www.baselland.ch/politik-und-behorden/direktionen/volkswirtschafts-und-gesundheitsdirektion/medienmitteilungen/weiterer-bestaetigter-fall-aus-dem-kanton-basel-landschaft,5.0,0.0
87,2020-04-25 12:03:50,2020-03-05 02:00:00,,BL,Basel-Landschaft,13,47.45176,7.702414,6,6,0,1,,2.09,,,0,,,,,,,,,4,0,https://www.baselland.ch/politik-und-behorden/direktionen/volkswirtschafts-und-gesundheitsdirektion/medienmitteilungen/neuer-coronavirus-covid-19-sechs-bestaetigte-faelle-im-kanton-basel-landschaft,3.154649,0.0
101,2020-04-25 12:03:50,2020-03-06 02:00:00,,BL,Basel-Landschaft,13,47.45176,7.702414,6,6,3,4,2,2.09,,,0,,,,,,,,,0,0,https://www.baselland.ch/politik-und-behorden/direktionen/volkswirtschafts-und-gesundheitsdirektion/medienmitteilungen/neuer-coronavirus-covid-19-sechs-bestaetigte-faelle-im-kanton-basel-landschaft,3.154649,0.0
115,2020-04-25 12:03:50,2020-03-07 02:00:00,,BL,Basel-Landschaft,13,47.45176,7.702414,15,15,0,4,2,5.23,,,0,,,,,,,,,9,0,https://www.baselland.ch/politik-und-behorden/direktionen/volkswirtschafts-und-gesundheitsdirektion/medienmitteilungen/update-15-bestaetigte-faelle-in-basel-landschaft,1.720051,0.0
125,2020-04-25 12:03:50,2020-03-08 02:00:00,,BL,Basel-Landschaft,13,47.45176,7.702414,19,19,0,4,2,6.62,0.348,,0,1,,,,,,,,4,0,https://www.baselland.ch/politik-und-behorden/direktionen/volkswirtschafts-und-gesundheitsdirektion/medienmitteilungen/patient-im-kantonsspital-baselland-stirbt-an-den-folgen-einer-coronavirus-infektion,1.539443,0.0
139,2020-04-25 12:03:50,2020-03-09 02:00:00,,BL,Basel-Landschaft,13,47.45176,7.702414,20,20,0,4,4,6.97,0.348,1,0,1,,,,,,,,1,0,https://www.baselland.ch/politik-und-behorden/direktionen/volkswirtschafts-und-gesundheitsdirektion/medienmitteilungen/update-xx-bestaetigte-faelle-in-basel-landschaft,1.50515,0.0
152,2020-04-25 12:03:50,2020-03-10 02:00:00,,BL,Basel-Landschaft,13,47.45176,7.702414,22,22,1,5,1,7.67,0.348,2,0,1,,,,,,,,2,0,https://www.baselland.ch/politik-und-behorden/direktionen/volkswirtschafts-und-gesundheitsdirektion/medienmitteilungen/update,2.667422,0.0
165,2020-04-25 12:03:50,2020-03-11 02:00:00,,BL,Basel-Landschaft,13,47.45176,7.702414,26,26,-2,3,1,9.06,0.697,2,0,2,,,,,,,,4,1,https://www.baselland.ch/politik-und-behorden/direktionen/volkswirtschafts-und-gesundheitsdirektion/medienmitteilungen/update-26-bestaetigte-faelle-in-basel-landschaft-1,2.363533,0.0
182,2020-04-25 12:03:50,2020-03-12 02:00:00,,BL,Basel-Landschaft,13,47.45176,7.702414,26,26,6,9,3,9.06,0.697,2,0,2,,,,,,,,0,0,https://www.baselland.ch/politik-und-behorden/direktionen/volkswirtschafts-und-gesundheitsdirektion/medienmitteilungen/update-26-bestaetigte-faelle-in-basel-landschaft-1,6.300807,0.0
200,2020-04-25 12:03:50,2020-03-13 02:00:00,,BL,Basel-Landschaft,13,47.45176,7.702414,42,42,3,12,3,14.63,0.697,2,0,2,,,,,,,,16,0,https://www.baselland.ch/politik-und-behorden/direktionen/volkswirtschafts-und-gesundheitsdirektion/medienmitteilungen/update-26-bestaetigte-faelle-in-basel-landschaft-2,4.36914,5.0
217,2020-04-25 12:03:50,2020-03-14 02:00:00,,BL,Basel-Landschaft,13,47.45176,7.702414,47,47,-4,8,2,16.38,0.697,2,0,2,,,,,,,,5,0,https://www.baselland.ch/politik-und-behorden/direktionen/volkswirtschafts-und-gesundheitsdirektion/medienmitteilungen/update-47-bestaetigte-faelle-in-basel-landschaft,4.056266,5.0
233,2020-04-25 12:03:50,2020-03-15 02:00:00,,BL,Basel-Landschaft,13,47.45176,7.702414,54,54,4,12,2,18.82,0.697,5,0,2,,,,,,,,7,0,https://www.baselland.ch/politik-und-behorden/direktionen/volkswirtschafts-und-gesundheitsdirektion/medienmitteilungen/update-54-bestaetigte-faelle-in-basel-landschaft,3.859645,5.0
251,2020-04-25 12:03:50,2020-03-16 02:00:00,,BL,Basel-Landschaft,13,47.45176,7.702414,76,76,5,17,4,26.48,0.697,5,0,2,,,,,,,,22,0,https://www.baselland.ch/politik-und-behorden/direktionen/volkswirtschafts-und-gesundheitsdirektion/medienmitteilungen/update-67-bestaetigte-faelle-in-basel-landschaft,3.231043,
268,2020-04-25 12:03:50,2020-03-17 02:00:00,,BL,Basel-Landschaft,13,47.45176,7.702414,89,89,9,26,5,31.01,0.697,13,0,2,,,,,,,,13,0,https://www.baselland.ch/politik-und-behorden/direktionen/volkswirtschafts-und-gesundheitsdirektion/medienmitteilungen/update-89-bestaetigte-faelle-in-basel-landschaft,2.816435,
289,2020-04-25 12:03:50,2020-03-18 02:00:00,,BL,Basel-Landschaft,13,47.45176,7.702414,116,116,1,27,2,40.42,0.697,16,0,2,,,,,,,,27,0,https://www.baselland.ch/politik-und-behorden/direktionen/volkswirtschafts-und-gesundheitsdirektion/medienmitteilungen/update-116-bestaetigte-faelle-in-basel-landschaft,3.411424,
313,2020-04-25 12:03:50,2020-03-19 02:00:00,,BL,Basel-Landschaft,13,47.45176,7.702414,134,134,-8,19,2,46.69,0.697,16,0,2,,,,,,,,18,0,https://www.baselland.ch/politik-und-behorden/direktionen/volkswirtschafts-und-gesundheitsdirektion/medienmitteilungen/update-131-bestaetigte-faelle-in-basel-landschaft,3.307971,
333,2020-04-25 12:03:50,2020-03-20 02:00:00,,BL,Basel-Landschaft,13,47.45176,7.702414,184,184,8,27,2,64.11,1.045,18,0,3,,,,,,,,50,1,https://www.baselland.ch/politik-und-behorden/direktionen/volkswirtschafts-und-gesundheitsdirektion/medienmitteilungen/update-170-bestaetigte-faelle-in-basel-landschaft,2.826976,8.547556
356,2020-04-25 12:03:50,2020-03-21 02:00:00,,BL,Basel-Landschaft,13,47.45176,7.702414,282,282,3,30,4,98.26,1.045,21,0,3,,,,,,,,98,0,https://www.baselland.ch/politik-und-behorden/direktionen/volkswirtschafts-und-gesundheitsdirektion/medienmitteilungen/update-282-bestaetigte-faelle-in-basel-landschaft,2.643232,8.547556
376,2020-04-25 12:03:50,2020-03-22 02:00:00,,BL,Basel-Landschaft,13,47.45176,7.702414,289,289,10,40,7,100.7,1.045,21,0,3,,,,,,,,7,0,https://www.baselland.ch/politik-und-behorden/direktionen/volkswirtschafts-und-gesundheitsdirektion/medienmitteilungen/update-289-bestaetigte-faelle-in-basel-landschaft,2.942575,8.547556
397,2020-04-25 12:03:50,2020-03-23 02:00:00,,BL,Basel-Landschaft,13,47.45176,7.702414,302,302,11,51,10,105.23,1.045,35,0,3,,,,,,,,13,0,https://www.baselland.ch/politik-und-behorden/direktionen/volkswirtschafts-und-gesundheitsdirektion/medienmitteilungen/update-289-bestaetigte-faelle-in-basel-landschaft-1,3.622076,8.547556
423,2020-04-25 12:03:50,2020-03-24 02:00:00,,BL,Basel-Landschaft,13,47.45176,7.702414,306,306,15,66,11,106.62,1.394,40,0,4,,,,,,,,4,1,https://www.baselland.ch/politik-und-behorden/direktionen/volkswirtschafts-und-gesundheitsdirektion/amt-fur-gesundheit/medizinische-dienste/kantonsarztlicher-dienst/aktuelles/covid-19-faelle-kanton-basel-landschaft,4.1971,5.0
449,2020-04-25 12:03:50,2020-03-25 02:00:00,,BL,Basel-Landschaft,13,47.45176,7.702414,341,341,2,68,8,118.82,1.742,46,0,5,,,,,,,,35,1,https://www.baselland.ch/politik-und-behorden/direktionen/volkswirtschafts-und-gesundheitsdirektion/amt-fur-gesundheit/medizinische-dienste/kantonsarztlicher-dienst/aktuelles/covid-19-faelle-kanton-basel-landschaft,5.617561,6.784577
475,2020-04-25 12:03:50,2020-03-26 02:00:00,,BL,Basel-Landschaft,13,47.45176,7.702414,422,422,0,68,9,147.04,1.742,65,0,5,,,,,,,,81,0,https://www.baselland.ch/politik-und-behorden/direktionen/volkswirtschafts-und-gesundheitsdirektion/amt-fur-gesundheit/medizinische-dienste/kantonsarztlicher-dienst/aktuelles/covid-19-faelle-kanton-basel-landschaft,8.597745,6.784577
502,2020-04-25 12:03:50,2020-03-27 02:00:00,,BL,Basel-Landschaft,13,47.45176,7.702414,466,466,11,79,11,162.37,1.742,76,0,5,,,,,,,,44,0,https://www.baselland.ch/politik-und-behorden/direktionen/volkswirtschafts-und-gesundheitsdirektion/amt-fur-gesundheit/medizinische-dienste/kantonsarztlicher-dienst/aktuelles/covid-19-faelle-kanton-basel-landschaft,7.254152,6.784577
527,2020-04-25 12:03:50,2020-03-28 02:00:00,,BL,Basel-Landschaft,13,47.45176,7.702414,502,502,-4,75,14,174.91,2.091,100,0,6,13,,,,,,,36,1,https://www.baselland.ch/politik-und-behorden/direktionen/volkswirtschafts-und-gesundheitsdirektion/amt-fur-gesundheit/medizinische-dienste/kantonsarztlicher-dienst/aktuelles/covid-19-faelle-kanton-basel-landschaft,6.819991,5.0
551,2020-04-25 12:03:50,2020-03-29 01:00:00,,BL,Basel-Landschaft,13,47.45176,7.702414,511,511,24,99,15,178.05,2.091,115,0,6,14,,,,,,,9,0,https://www.baselland.ch/politik-und-behorden/direktionen/volkswirtschafts-und-gesundheitsdirektion/amt-fur-gesundheit/medizinische-dienste/kantonsarztlicher-dienst/aktuelles/covid-19-faelle-kanton-basel-landschaft,6.75866,8.547556
577,2020-04-25 12:03:50,2020-03-30 01:00:00,,BL,Basel-Landschaft,13,47.45176,7.702414,539,539,-13,86,17,187.8,2.439,158,0,7,16,,,,,,,28,1,https://www.baselland.ch/politik-und-behorden/direktionen/volkswirtschafts-und-gesundheitsdirektion/amt-fur-gesundheit/medizinische-dienste/kantonsarztlicher-dienst/aktuelles/covid-19-faelle-kanton-basel-landschaft,7.569868,10.300214
603,2020-04-25 12:03:50,2020-03-31 01:00:00,,BL,Basel-Landschaft,13,47.45176,7.702414,561,561,2,88,18,195.47,3.484,242,0,10,16,,,,,,,22,3,https://www.baselland.ch/politik-und-behorden/direktionen/volkswirtschafts-und-gesundheitsdirektion/amt-fur-gesundheit/medizinische-dienste/kantonsarztlicher-dienst/aktuelles/covid-19-faelle-kanton-basel-landschaft,12.172624,5.0
629,2020-04-25 12:03:50,2020-04-01 01:00:00,,BL,Basel-Landschaft,13,47.45176,7.702414,588,588,-2,86,17,204.88,3.833,249,0,11,17,,,,,,,27,1,https://www.baselland.ch/politik-und-behorden/direktionen/volkswirtschafts-und-gesundheitsdirektion/amt-fur-gesundheit/medizinische-dienste/kantonsarztlicher-dienst/aktuelles/covid-19-faelle-kanton-basel-landschaft,14.903743,4.395591
656,2020-04-25 12:03:50,2020-04-02 01:00:00,,BL,Basel-Landschaft,13,47.45176,7.702414,610,610,-5,81,18,212.54,4.181,262,0,12,18,,,,,,,22,1,https://www.baselland.ch/politik-und-behorden/direktionen/volkswirtschafts-und-gesundheitsdirektion/amt-fur-gesundheit/medizinische-dienste/kantonsarztlicher-dienst/aktuelles/covid-19-faelle-kanton-basel-landschaft,17.78588,5.0
683,2020-04-25 12:03:50,2020-04-03 01:00:00,,BL,Basel-Landschaft,13,47.45176,7.702414,625,625,1,82,18,217.77,4.878,266,0,14,18,,,,,,,15,2,https://www.baselland.ch/politik-und-behorden/direktionen/volkswirtschafts-und-gesundheitsdirektion/amt-fur-gesundheit/medizinische-dienste/kantonsarztlicher-dienst/aktuelles/covid-19-faelle-kanton-basel-landschaft,17.209755,4.090339
709,2020-04-25 12:03:50,2020-04-04 01:00:00,,BL,Basel-Landschaft,13,47.45176,7.702414,656,656,-9,73,19,228.57,6.62,298,0,19,17,,,,,,,31,5,https://www.baselland.ch/politik-und-behorden/direktionen/volkswirtschafts-und-gesundheitsdirektion/amt-fur-gesundheit/medizinische-dienste/kantonsarztlicher-dienst/aktuelles/covid-19-faelle-kanton-basel-landschaft,17.642251,3.470842
733,2020-04-25 12:03:50,2020-04-05 01:00:00,,BL,Basel-Landschaft,13,47.45176,7.702414,670,670,0,73,19,233.45,6.62,369,0,19,17,,,,,,,14,0,https://www.baselland.ch/politik-und-behorden/direktionen/volkswirtschafts-und-gesundheitsdirektion/amt-fur-gesundheit/medizinische-dienste/kantonsarztlicher-dienst/aktuelles/covid-19-faelle-kanton-basel-landschaft,19.519026,5.399571
759,2020-04-25 12:03:50,2020-04-06 01:00:00,,BL,Basel-Landschaft,13,47.45176,7.702414,682,682,-6,67,17,237.63,6.62,412,0,19,17,,,,,,,12,0,https://www.baselland.ch/politik-und-behorden/direktionen/volkswirtschafts-und-gesundheitsdirektion/amt-fur-gesundheit/medizinische-dienste/kantonsarztlicher-dienst/aktuelles/covid-19-faelle-kanton-basel-landschaft,23.369336,6.341187
785,2020-04-25 12:03:50,2020-04-07 01:00:00,,BL,Basel-Landschaft,13,47.45176,7.702414,690,690,-1,66,18,240.42,6.62,452,0,19,17,,,,,,,8,0,https://www.baselland.ch/politik-und-behorden/direktionen/volkswirtschafts-und-gesundheitsdirektion/amt-fur-gesundheit/medizinische-dienste/kantonsarztlicher-dienst/aktuelles/covid-19-faelle-kanton-basel-landschaft,28.123522,7.541876
812,2020-04-25 12:03:50,2020-04-08 01:00:00,,BL,Basel-Landschaft,13,47.45176,7.702414,694,694,-1,65,18,241.81,7.317,461,0,21,17,,,,,,,4,2,https://www.baselland.ch/politik-und-behorden/direktionen/volkswirtschafts-und-gesundheitsdirektion/amt-fur-gesundheit/medizinische-dienste/kantonsarztlicher-dienst/aktuelles/covid-19-faelle-kanton-basel-landschaft,33.095164,8.547556
838,2020-04-25 12:03:50,2020-04-09 01:00:00,,BL,Basel-Landschaft,13,47.45176,7.702414,711,711,-3,62,18,247.74,7.317,485,0,21,16,,,,,,,17,0,https://www.baselland.ch/politik-und-behorden/direktionen/volkswirtschafts-und-gesundheitsdirektion/amt-fur-gesundheit/medizinische-dienste/kantonsarztlicher-dienst/aktuelles/covid-19-faelle-kanton-basel-landschaft,43.046395,34.628459
863,2020-04-25 12:03:50,2020-04-10 01:00:00,,BL,Basel-Landschaft,13,47.45176,7.702414,722,722,-8,54,17,251.57,7.666,502,0,22,15,,,,,,,11,1,https://www.baselland.ch/politik-und-behorden/direktionen/volkswirtschafts-und-gesundheitsdirektion/amt-fur-gesundheit/medizinische-dienste/kantonsarztlicher-dienst/aktuelles/covid-19-faelle-kanton-basel-landschaft,46.365956,23.640203
889,2020-04-25 12:03:50,2020-04-11 01:00:00,,BL,Basel-Landschaft,13,47.45176,7.702414,736,736,-4,50,16,256.45,7.666,527,0,22,15,,,,,,,14,0,https://www.baselland.ch/politik-und-behorden/direktionen/volkswirtschafts-und-gesundheitsdirektion/amt-fur-gesundheit/medizinische-dienste/kantonsarztlicher-dienst/aktuelles/covid-19-faelle-kanton-basel-landschaft,45.481823,23.640203
913,2020-04-25 12:03:50,2020-04-12 01:00:00,,BL,Basel-Landschaft,13,47.45176,7.702414,740,740,-2,48,17,257.84,8.014,554,0,23,14,,,,,,,4,1,https://www.baselland.ch/politik-und-behorden/direktionen/volkswirtschafts-und-gesundheitsdirektion/amt-fur-gesundheit/medizinische-dienste/kantonsarztlicher-dienst/aktuelles/covid-19-faelle-kanton-basel-landschaft,49.53982,18.139968
939,2020-04-25 12:03:50,2020-04-13 01:00:00,,BL,Basel-Landschaft,13,47.45176,7.702414,749,749,0,48,16,260.98,8.362,570,0,24,12,,,,,,,9,1,https://www.baselland.ch/politik-und-behorden/direktionen/volkswirtschafts-und-gesundheitsdirektion/amt-fur-gesundheit/medizinische-dienste/kantonsarztlicher-dienst/aktuelles/covid-19-faelle-kanton-basel-landschaft,45.442129,25.954465
965,2020-04-25 12:03:50,2020-04-14 01:00:00,,BL,Basel-Landschaft,13,47.45176,7.702414,755,755,0,48,14,263.07,8.711,597,0,25,8,,,,,,,6,1,https://www.baselland.ch/politik-und-behorden/direktionen/volkswirtschafts-und-gesundheitsdirektion/amt-fur-gesundheit/medizinische-dienste/kantonsarztlicher-dienst/aktuelles/covid-19-faelle-kanton-basel-landschaft,57.718669,19.877652
991,2020-04-25 12:03:50,2020-04-15 01:00:00,,BL,Basel-Landschaft,13,47.45176,7.702414,768,768,-3,45,9,267.6,8.711,610,0,25,7,,,,,,,13,0,https://www.baselland.ch/politik-und-behorden/direktionen/volkswirtschafts-und-gesundheitsdirektion/amt-fur-gesundheit/medizinische-dienste/kantonsarztlicher-dienst/aktuelles/covid-19-faelle-kanton-basel-landschaft,56.112016,27.111355
1018,2020-04-25 12:03:50,2020-04-16 01:00:00,,BL,Basel-Landschaft,13,47.45176,7.702414,781,781,1,46,8,272.13,8.711,623,0,25,6,,,,,,,13,0,https://www.baselland.ch/politik-und-behorden/direktionen/volkswirtschafts-und-gesundheitsdirektion/amt-fur-gesundheit/medizinische-dienste/kantonsarztlicher-dienst/aktuelles/covid-19-faelle-kanton-basel-landschaft,58.399766,27.111355
1045,2020-04-25 12:03:50,2020-04-17 01:00:00,,BL,Basel-Landschaft,13,47.45176,7.702414,794,794,-6,40,8,276.66,8.711,632,0,25,5,,,,,,,13,0,https://www.baselland.ch/politik-und-behorden/direktionen/volkswirtschafts-und-gesundheitsdirektion/amt-fur-gesundheit/medizinische-dienste/kantonsarztlicher-dienst/aktuelles/covid-19-faelle-kanton-basel-landschaft,49.205946,41.564752
1070,2020-04-25 12:03:50,2020-04-18 01:00:00,,BL,Basel-Landschaft,13,47.45176,7.702414,798,798,4,44,7,278.05,8.711,636,0,25,5,,,,,,,4,0,https://www.baselland.ch/politik-und-behorden/direktionen/volkswirtschafts-und-gesundheitsdirektion/amt-fur-gesundheit/medizinische-dienste/kantonsarztlicher-dienst/aktuelles/covid-19-faelle-kanton-basel-landschaft,54.690816,84.89874
1095,2020-04-25 12:03:50,2020-04-19 01:00:00,,BL,Basel-Landschaft,13,47.45176,7.702414,803,803,-4,40,7,279.79,8.711,653,0,25,5,,,,,,,5,0,https://www.baselland.ch/politik-und-behorden/direktionen/volkswirtschafts-und-gesundheitsdirektion/amt-fur-gesundheit/medizinische-dienste/kantonsarztlicher-dienst/aktuelles/covid-19-faelle-kanton-basel-landschaft,56.228205,
1121,2020-04-25 12:03:50,2020-04-20 01:00:00,,BL,Basel-Landschaft,13,47.45176,7.702414,806,806,0,40,6,280.84,8.711,664,0,25,3,,,,,,,3,0,https://www.baselland.ch/politik-und-behorden/direktionen/volkswirtschafts-und-gesundheitsdirektion/amt-fur-gesundheit/medizinische-dienste/kantonsarztlicher-dienst/aktuelles/covid-19-faelle-kanton-basel-landschaft,71.763267,
1148,2020-04-25 12:03:50,2020-04-21 01:00:00,,BL,Basel-Landschaft,13,47.45176,7.702414,809,809,-7,33,3,281.88,9.059,679,0,26,3,,,,,,,3,1,https://www.baselland.ch/politik-und-behorden/direktionen/volkswirtschafts-und-gesundheitsdirektion/amt-fur-gesundheit/medizinische-dienste/kantonsarztlicher-dienst/aktuelles/covid-19-faelle-kanton-basel-landschaft,98.391972,88.364938
1175,2020-04-25 12:03:50,2020-04-22 01:00:00,,BL,Basel-Landschaft,13,47.45176,7.702414,811,811,0,33,3,282.58,9.059,683,0,26,3,,,,,,,2,0,https://www.baselland.ch/politik-und-behorden/direktionen/volkswirtschafts-und-gesundheitsdirektion/amt-fur-gesundheit/medizinische-dienste/kantonsarztlicher-dienst/aktuelles/covid-19-faelle-kanton-basel-landschaft,163.597003,88.364938
1202,2020-04-25 12:03:50,2020-04-23 01:00:00,,BL,Basel-Landschaft,13,47.45176,7.702414,811,811,-1,32,3,282.58,9.059,692,0,26,2,,,,,,,0,0,https://www.baselland.ch/politik-und-behorden/direktionen/volkswirtschafts-und-gesundheitsdirektion/amt-fur-gesundheit/medizinische-dienste/kantonsarztlicher-dienst/aktuelles/covid-19-faelle-kanton-basel-landschaft,214.471066,88.364938
1229,2020-04-25 12:03:50,2020-04-24 01:00:00,,BL,Basel-Landschaft,13,47.45176,7.702414,813,813,-8,24,2,283.28,10.453,698,0,30,1,,,,,,,2,4,https://www.baselland.ch/politik-und-behorden/direktionen/volkswirtschafts-und-gesundheitsdirektion/amt-fur-gesundheit/medizinische-dienste/kantonsarztlicher-dienst/aktuelles/covid-19-faelle-kanton-basel-landschaft,280.027887,19.00892
