,last_update,timestamp,tests_performed,abbreviation_canton,name_canton,number_canton,lat,long,total_positive_cases,total_currently_positive_cases,new_hosp,total_hospitalized,intensive_care,total_currently_positive_per_100k,deaths_per_100k,released,ncumul_ICU_intub,deaths,ncumul_vent,ncumul_confirmed_non_resident,current_hosp_non_resident,TotalPosTests1,ninst_ICU_intub,ncumul_ICF,new_positive_cases,new_deaths,source,doubling_time_total_positive,doubling_time_fatalities
5,2020-04-30 13:04:02,2020-02-27 02:00:00,3,FL,Fürstentum Lichtenstein,00,47.166667,9.509722,,,0,,,,,,0,,,,,,,,0,0,https://www.regierung.li/media/attachments/83-verdachtsfaelle-negativ-getestet.pdf?t=637202562374055719,0.0,0.0
58,2020-04-30 13:04:02,2020-03-03 02:00:00,14,FL,Fürstentum Lichtenstein,00,47.166667,9.509722,,,0,,,,,,0,,,,,,,,0,0,https://www.regierung.li/media/attachments/90-coronavirus.pdf?t=637202562374055719,0.0,0.0
72,2020-04-30 13:04:02,2020-03-04 02:00:00,16,FL,Fürstentum Lichtenstein,00,47.166667,9.509722,1,1,0,,,2.59,,,0,,,,,,,,0,0,https://www.regierung.li/media/attachments/97-coronavirus.pdf?t=637202562374055719,0.0,0.0
89,2020-04-30 13:04:02,2020-03-05 02:00:00,18,FL,Fürstentum Lichtenstein,00,47.166667,9.509722,1,1,0,,,2.59,,,0,,,,,,,,0,0,https://www.regierung.li/media/attachments/100-coronavirus-18-verdachtsfaelle-0305.pdf?t=637202562374055719,0.0,0.0
103,2020-04-30 13:04:02,2020-03-06 02:00:00,22,FL,Fürstentum Lichtenstein,00,47.166667,9.509722,1,1,0,,,2.59,,,0,,,,,,,,0,0,https://www.regierung.li/media/attachments/104-coronavirus-vorsicht.pdf?t=637202562374055719,0.0,0.0
141,2020-04-30 13:04:02,2020-03-09 02:00:00,24,FL,Fürstentum Lichtenstein,00,47.166667,9.509722,1,1,0,,,2.59,,,0,,,,,,,,0,0,https://www.regierung.li/media/attachments/106-coronavirus-anpassung-massnahmen.pdf?t=637202562374055719,0.0,0.0
154,2020-04-30 13:04:02,2020-03-10 02:00:00,37,FL,Fürstentum Lichtenstein,00,47.166667,9.509722,1,1,0,,,2.59,,,0,,,,,,,,0,0,https://www.regierung.li/media/attachments/110-corona-0310.pdf?t=637202562374055719,0.0,0.0
167,2020-04-30 13:04:02,2020-03-11 02:00:00,50,FL,Fürstentum Lichtenstein,00,47.166667,9.509722,3,3,0,,,7.77,,1,0,,,,,,,,2,0,https://www.regierung.li/media/attachments/112-drei-personen-infiziert.pdf?t=637202562374055719,3.154649,0.0
184,2020-04-30 13:04:02,2020-03-12 02:00:00,57,FL,Fürstentum Lichtenstein,00,47.166667,9.509722,3,3,0,,,7.77,,1,0,,,,,,,,0,0,https://www.regierung.li/media/attachments/114-hallenbaeder-geschlossen-0312.pdf?t=637202562374055719,3.154649,0.0
219,2020-04-30 13:04:02,2020-03-14 02:00:00,99,FL,Fürstentum Lichtenstein,00,47.166667,9.509722,3,3,0,,,7.77,,1,0,,,,,,,,0,0,https://www.regierung.li/media/attachments/118-corona-rueckkehrer-skiferien-0314.pdf?t=637202562374055719,3.154649,0.0
234,2020-04-30 13:04:02,2020-03-15 02:00:00,99,FL,Fürstentum Lichtenstein,00,47.166667,9.509722,7,7,0,,,18.13,,1,0,,,,,,,,4,0,https://www.regierung.li/media/attachments/119-corona-massnahmen-verschaerft-0315.pdf?t=637202562374055719,1.781036,0.0
270,2020-04-30 13:04:02,2020-03-17 02:00:00,99,FL,Fürstentum Lichtenstein,00,47.166667,9.509722,19,19,0,,,49.22,,1,0,,,,,,,,12,0,https://www.regierung.li/media/attachments/126-corona-generelles-veranstaltungsverbot-weitere-schliessungen.pdf?t=637202562374055719,1.177045,0.0
291,2020-04-30 13:04:02,2020-03-18 02:00:00,99,FL,Fürstentum Lichtenstein,00,47.166667,9.509722,28,28,0,,,72.54,,1,0,,,,,,,,9,0,https://www.regierung.li/media/attachments/131-corona-hotline-0318.pdf?t=637202562374055719,1.551642,0.0
335,2020-04-30 13:04:02,2020-03-20 02:00:00,99,FL,Fürstentum Lichtenstein,00,47.166667,9.509722,37,37,0,,,95.85,,1,0,,,,,,,,9,0,https://www.regierung.li/media/attachments/136-soziale-kontakte-reduktion-corona.pdf?t=637203388043363286,1.379504,0.0
358,2020-04-30 13:04:02,2020-03-21 02:00:00,99,FL,Fürstentum Lichtenstein,00,47.166667,9.509722,44,44,0,,,113.99,,1,0,,,,,,,,7,0,https://www.regierung.li/media/attachments/138-corona-starke-zunahme-0321.pdf?t=637204593432337675,1.290499,0.0
378,2020-04-30 13:04:02,2020-03-22 02:00:00,99,FL,Fürstentum Lichtenstein,00,47.166667,9.509722,46,46,0,,,119.17,,1,0,,,,,,,,2,0,https://www.regierung.li/media/attachments/139-46-faelle-0322.pdf?t=637204971345932209,1.840802,0.0
399,2020-04-30 13:04:02,2020-03-23 17:00:00,99,FL,Fürstentum Lichtenstein,00,47.166667,9.509722,51,51,0,,,132.12,,1,0,,,,,,,,5,0,https://www.regierung.li/media/attachments/140-corona-regierung-0323.pdf?t=637205847493377066,3.510009,0.0
425,2020-04-30 13:04:02,2020-03-24 02:00:00,99,FL,Fürstentum Lichtenstein,00,47.166667,9.509722,51,51,0,,,132.12,,1,0,,,,,,,,0,0,https://www.regierung.li/media/attachments/143-coronavirus-praesenz-fernunterricht.pdf?t=637207680400073990,5.779876,0.0
452,2020-04-30 13:04:02,2020-03-25 02:00:00,99,FL,Fürstentum Lichtenstein,00,47.166667,9.509722,53,53,0,,,137.31,,1,0,,,,,,,,2,0,https://www.regierung.li/media/attachments/145-drive-trouhg-anlage-corona.pdf?t=637207634421649200,9.643814,0.0
478,2020-04-30 13:04:02,2020-03-26 02:00:00,900,FL,Fürstentum Lichtenstein,00,47.166667,9.509722,56,56,0,,,145.08,,1,0,,,,,,,,3,0,https://www.regierung.li/media/attachments/151-900-personen-getestet.pdf?t=637208497707275503,14.370983,0.0
505,2020-04-30 13:04:02,2020-03-27 02:00:00,900,FL,Fürstentum Lichtenstein,00,47.166667,9.509722,60,60,0,,,155.44,,1,0,,,,,,,,4,0,https://www.regierung.li/media/attachments/152-regierung-bedankt-sich.pdf?t=637209361840426241,13.043638,0.0
531,2020-04-30 13:04:02,2020-03-28 02:00:00,900,FL,Fürstentum Lichtenstein,00,47.166667,9.509722,61,61,0,,,158.03,,1,0,,,,,,,,1,0,https://www.regierung.li/de/mitteilungen/223346/?typ=news,19.356438,0.0
555,2020-04-30 13:04:02,2020-03-29 01:00:00,900,FL,Fürstentum Lichtenstein,00,47.166667,9.509722,62,62,0,,,160.62,,1,0,,,,,,,,1,0,https://www.regierung.li/de/mitteilungen/223347/?typ=news,17.744908,0.0
581,2020-04-30 13:04:02,2020-03-30 01:00:00,900,FL,Fürstentum Lichtenstein,00,47.166667,9.509722,64,64,0,,,165.8,,1,0,,,,,,,,2,0,https://www.regierung.li/de/mitteilungen/223349/?typ=newss,18.376979,0.0
607,2020-04-30 13:04:02,2020-03-31 01:00:00,900,FL,Fürstentum Lichtenstein,00,47.166667,9.509722,68,68,0,,,176.17,,1,0,,,,,,,,4,0,https://www.regierung.li/media/attachments/160-coronavirus-68-personen-positiv.pdf?t=637212737830081294,17.850263,0.0
633,2020-04-30 13:04:02,2020-04-01 01:00:00,900,FL,Fürstentum Lichtenstein,00,47.166667,9.509722,72,72,0,,,186.53,,1,0,,,,,,,,4,0,https://www.regierung.li/media/attachments/164-corona-schweizer-sanitaetssoldaten-0401.pdf?t=637213766824962451,19.00892,0.0
660,2020-04-30 13:04:02,2020-04-02 01:00:00,900,FL,Fürstentum Lichtenstein,00,47.166667,9.509722,75,75,0,,,194.3,,1,0,,,,,,,,3,0,https://www.regierung.li/media/attachments/166-massnahmen-weiter-einhalten-0402.pdf?t=637214501732587547,16.773944,0.0
687,2020-04-30 13:04:02,2020-04-03 01:00:00,900,FL,Fürstentum Lichtenstein,00,47.166667,9.509722,76,76,0,,,196.89,,1,0,,,,,,,,1,0,https://www.regierung.li/media/attachments/166-massnahmen-weiter-einhalten-0402.pdf?t=637214501732587547,17.022366,0.0
713,2020-04-30 13:04:02,2020-04-04 01:00:00,900,FL,Fürstentum Lichtenstein,00,47.166667,9.509722,77,77,0,,,199.48,2.591,1,0,1,,,,,,,1,0,https://www.regierung.li/media/attachments/168-corona-person-verstorben-0404.pdf?t=637216219078826521,18.741575,0.0
737,2020-04-30 13:04:02,2020-04-05 01:00:00,900,FL,Fürstentum Lichtenstein,00,47.166667,9.509722,77,77,0,,,199.48,2.591,1,0,1,,,,,,,0,0,https://www.regierung.li/de/mitteilungen/223366/?typ=news,27.882539,0.0
789,2020-04-30 13:04:02,2020-04-07 01:00:00,900,FL,Fürstentum Lichtenstein,00,47.166667,9.509722,78,78,0,,,202.07,2.591,1,0,1,,,,,,,1,0,https://www.liechtenstein.li/news-detail/article/aktuelle-informationen-zum-coronavirus/,43.298584,0.0
867,2020-04-30 13:04:02,2020-04-10 01:00:00,900,FL,Fürstentum Lichtenstein,00,47.166667,9.509722,79,79,0,,,204.66,2.591,1,0,1,,,,,,,1,0,https://www.regierung.li/media/attachments/188-corona-keine-neuen-faelle-0410.pdf?t=637222261316868970,66.70041,0.0
893,2020-04-30 13:04:02,2020-04-11 01:00:00,900,FL,Fürstentum Lichtenstein,00,47.166667,9.509722,79,79,0,,,204.66,2.591,1,0,1,,,,,,,0,0,https://www.regierung.li/media/attachments/189-corona-keine-neuen-faelle-0411.pdf?t=637222261316868970,89.52033,0.0
917,2020-04-30 13:04:02,2020-04-12 01:00:00,900,FL,Fürstentum Lichtenstein,00,47.166667,9.509722,80,80,0,,,207.25,2.591,1,0,1,,,,,,,1,0,https://www.regierung.li/media/attachments/190-corona-zusaetzliche-person-0412.pdf?t=637223083991919653,90.675718,
943,2020-04-30 13:04:02,2020-04-13 01:00:00,900,FL,Fürstentum Lichtenstein,00,47.166667,9.509722,80,80,0,,,207.25,2.591,1,0,1,,,,,,,0,0,https://www.regierung.li/media/attachments/191-corona-keine-neuen-faelle-0413.pdf?t=637224053004137202,90.675718,
995,2020-04-30 13:04:02,2020-04-15 01:00:00,900,FL,Fürstentum Lichtenstein,00,47.166667,9.509722,80,80,0,,,207.25,2.591,1,0,1,,,,,,,0,0,https://www.regierung.li/media/attachments/194-corona-neue-wege-zur-messung-0415.pdf?t=637225709239139141,136.889256,
1022,2020-04-30 13:04:02,2020-04-16 01:00:00,900,FL,Fürstentum Lichtenstein,00,47.166667,9.509722,80,80,0,,,207.25,2.591,1,0,1,,,,,,,0,0,https://www.regierung.li/media/attachments/196-corona-regierung-informiert-freitag-0416.pdf?t=637226573940474014,275.522371,
1049,2020-04-30 13:04:02,2020-04-17 01:00:00,900,FL,Fürstentum Lichtenstein,00,47.166667,9.509722,81,81,0,,,209.84,2.591,1,0,1,,,,,,,1,0,https://www.regierung.li/media/attachments/197-corona-regierung-orientiert-ueber-vorgehen-0417.pdf?t=637227446845695629,138.622216,
1074,2020-04-30 13:04:02,2020-04-18 01:00:00,900,FL,Fürstentum Lichtenstein,00,47.166667,9.509722,81,81,0,,,209.84,2.591,1,0,1,,,,,,,0,0,https://www.regierung.li/media/attachments/198-corona-kein-zusaetzlicher-fall-0418.pdf?t=637228301134424983,278.988152,
1099,2020-04-30 13:04:02,2020-04-19 01:00:00,900,FL,Fürstentum Lichtenstein,00,47.166667,9.509722,81,81,0,,,209.84,2.591,1,0,1,,,,,,,0,0,https://www.regierung.li/media/attachments/199-corona-keine-neuen-faelle-0419.pdf?t=637229165752237624,278.988152,
1125,2020-04-30 13:04:02,2020-04-20 01:00:00,900,FL,Fürstentum Lichtenstein,00,47.166667,9.509722,81,81,0,,,209.84,2.591,1,0,1,,,,,,,0,0,https://www.regierung.li/de/mitteilungen/223410/?typ=news,278.988152,
1152,2020-04-30 13:04:02,2020-04-21 01:00:00,900,FL,Fürstentum Lichtenstein,00,47.166667,9.509722,81,81,0,,,209.84,2.591,1,0,1,,,,,,,0,0,https://www.regierung.li/media/attachments/207-corona-keine-neuen-Faelle-0421.pdf?t=637230900737305962,278.988152,
1179,2020-04-30 13:04:02,2020-04-22 01:00:00,900,FL,Fürstentum Lichtenstein,00,47.166667,9.509722,81,81,0,,,209.84,2.591,1,0,1,,,,,,,0,0,https://www.regierung.li/de/mitteilungen/223419/?typ=news,,
1206,2020-04-30 13:04:02,2020-04-23 01:00:00,900,FL,Fürstentum Lichtenstein,00,47.166667,9.509722,81,81,0,,,209.84,2.591,1,0,1,,,,,,,0,0,https://www.regierung.li/de/mitteilungen/223424/?typ=news,,
1233,2020-04-30 13:04:02,2020-04-24 01:00:00,900,FL,Fürstentum Lichtenstein,00,47.166667,9.509722,82,82,0,,,212.44,2.591,1,0,1,,,,,,,1,0,https://www.regierung.li/media/attachments/212-corona-massnahmen-und-wirtschaft.pdf?t=637233485133850178,282.453932,
1258,2020-04-30 13:04:02,2020-04-25 01:00:00,900,FL,Fürstentum Lichtenstein,00,47.166667,9.509722,82,82,0,,,212.44,2.591,1,0,1,,,,,,,0,0,https://www.regierung.li/de/mitteilungen/223427/?typ=news,282.453932,
1281,2020-04-30 13:04:02,2020-04-26 01:00:00,900,FL,Fürstentum Lichtenstein,00,47.166667,9.509722,82,82,0,,,212.44,2.591,1,0,1,,,,,,,0,0,https://www.regierung.li/de/mitteilungen/223428/?typ=news,282.453932,
1307,2020-04-30 13:04:02,2020-04-27 01:00:00,900,FL,Fürstentum Lichtenstein,00,47.166667,9.509722,82,82,0,,,212.44,2.591,1,0,1,,,,,,,0,0,https://www.regierung.li/de/mitteilungen/223429/?typ=content&nid=11076,282.453932,
1334,2020-04-30 13:04:02,2020-04-28 01:00:00,900,FL,Fürstentum Lichtenstein,00,47.166667,9.509722,82,82,0,,,212.44,2.591,1,0,1,,,,,,,0,0,https://www.regierung.li/de/mitteilungen/223435/?typ=content&nid=11076,282.453932,
1361,2020-04-30 13:04:02,2020-04-29 01:00:00,900,FL,Fürstentum Lichtenstein,00,47.166667,9.509722,82,82,0,,,212.44,2.591,1,0,1,,,,,,,0,0,https://www.regierung.li/media/attachments/228-corona-information-lockerungen-0429.pdf?t=637237803125206694,,
