,last_update,timestamp,tests_performed,abbreviation_canton,name_canton,number_canton,lat,long,total_positive_cases,total_currently_positive_cases,new_hosp,total_hospitalized,intensive_care,total_currently_positive_per_100k,deaths_per_100k,released,ncumul_ICU_intub,deaths,ncumul_vent,ncumul_confirmed_non_resident,current_hosp_non_resident,TotalPosTests1,ninst_ICU_intub,ncumul_ICF,new_positive_cases,new_deaths,source,doubling_time_total_positive,doubling_time_fatalities
32,2020-04-29 15:03:34,2020-03-01 02:00:00,30,FR,Fribourg,10,46.718391,7.074008,1,1,0,,,0.32,,,0,,,,,,,,0,0,https://www.fr.ch/sites/default/files/2020-03/200301_commd_dsas_covid_cas_fr.pdf,0.0,0.0
45,2020-04-29 15:03:34,2020-03-02 02:00:00,30,FR,Fribourg,10,46.718391,7.074008,2,2,0,,,0.63,,,0,,,,,,,,1,0,https://www.fr.ch/sites/default/files/2020-03/200302_CommD_DSAS_covid_cas%20FR.pdf,0.0,0.0
73,2020-04-29 15:03:34,2020-03-04 02:00:00,30,FR,Fribourg,10,46.718391,7.074008,4,4,0,,,1.27,,,0,,,,,,,,2,0,https://www.fr.ch/sites/default/files/2020-03/200304_CommD_DSAS_covid_cas%20FR.pdf,0.0,0.0
90,2020-04-29 15:03:34,2020-03-05 02:00:00,30,FR,Fribourg,10,46.718391,7.074008,6,6,0,,,1.9,,,0,,,,,,,,2,0,https://www.fr.ch/de/covid19/gesundheit/covid-19/coronavirus-entwicklungen-der-situation,0.0,0.0
127,2020-04-29 15:03:34,2020-03-08 02:00:00,30,FR,Fribourg,10,46.718391,7.074008,8,8,0,,,2.54,,,0,,,,,,,,2,0,https://www.fr.ch/de/covid19/gesundheit/covid-19/coronavirus-entwicklungen-der-situation,0.0,0.0
142,2020-04-29 15:03:34,2020-03-09 02:00:00,30,FR,Fribourg,10,46.718391,7.074008,11,11,0,,,3.49,,,0,,,,,,,,3,0,https://www.fr.ch/de/covid19/gesundheit/covid-19/coronavirus-entwicklungen-der-situation,1.445324,0.0
168,2020-04-29 15:03:34,2020-03-11 02:00:00,30,FR,Fribourg,10,46.718391,7.074008,16,16,0,,,5.08,0.0,,0,0,,,,,,,5,0,https://www.fr.ch/sites/default/files/2020-04/statistiques_situation_FR_2804.xlsx,1.666667,0.0
185,2020-04-29 15:03:34,2020-03-12 02:00:00,30,FR,Fribourg,10,46.718391,7.074008,22,22,0,,,6.98,0.0,,0,0,,,,,,,6,0,https://www.fr.ch/sites/default/files/2020-04/statistiques_situation_FR_2804.xlsx,2.03299,0.0
202,2020-04-29 15:03:34,2020-03-13 02:00:00,30,FR,Fribourg,10,46.718391,7.074008,29,29,0,,,9.2,0.0,,0,0,,,,,,,7,0,https://www.fr.ch/sites/default/files/2020-04/statistiques_situation_FR_2804.xlsx,2.199718,0.0
220,2020-04-29 15:03:34,2020-03-14 02:00:00,30,FR,Fribourg,10,46.718391,7.074008,36,36,0,,,11.42,0.0,,0,0,,,,,,,7,0,https://www.fr.ch/sites/default/files/2020-04/statistiques_situation_FR_2804.xlsx,2.304227,0.0
235,2020-04-29 15:03:34,2020-03-15 02:00:00,30,FR,Fribourg,10,46.718391,7.074008,40,40,0,,,12.69,0.0,,0,0,,,,,,,4,0,https://www.fr.ch/sites/default/files/2020-04/statistiques_situation_FR_2804.xlsx,2.684569,0.0
253,2020-04-29 15:03:34,2020-03-16 02:00:00,30,FR,Fribourg,10,46.718391,7.074008,45,45,0,,,14.28,0.0,,0,0,,,,,,,5,0,https://www.fr.ch/sites/default/files/2020-04/statistiques_situation_FR_2804.xlsx,3.351536,0.0
271,2020-04-29 15:03:34,2020-03-17 02:00:00,30,FR,Fribourg,10,46.718391,7.074008,59,59,0,,,18.72,0.0,,0,0,,,,,,,14,0,https://www.fr.ch/sites/default/files/2020-04/statistiques_situation_FR_2804.xlsx,3.513181,0.0
292,2020-04-29 15:03:34,2020-03-18 02:00:00,30,FR,Fribourg,10,46.718391,7.074008,86,86,0,11,5,27.29,0.0,,0,0,,,,,,,27,0,https://www.fr.ch/sites/default/files/2020-04/statistiques_situation_FR_2804.xlsx,3.188199,0.0
315,2020-04-29 15:03:34,2020-03-19 02:00:00,30,FR,Fribourg,10,46.718391,7.074008,111,111,1,12,5,35.23,0.317,,0,1,,,,,,,25,1,https://www.fr.ch/sites/default/files/2020-04/statistiques_situation_FR_2804.xlsx,3.077887,0.0
336,2020-04-29 15:03:34,2020-03-20 02:00:00,30,FR,Fribourg,10,46.718391,7.074008,145,145,8,20,6,46.02,0.317,,0,1,,,,,,,34,0,https://www.fr.ch/sites/default/files/2020-04/statistiques_situation_FR_2804.xlsx,2.691093,0.0
359,2020-04-29 15:03:34,2020-03-21 02:00:00,30,FR,Fribourg,10,46.718391,7.074008,167,167,8,28,6,53.0,0.635,,0,2,,,,,,,22,1,https://www.fr.ch/sites/default/files/2020-04/statistiques_situation_FR_2804.xlsx,2.642914,0.0
379,2020-04-29 15:03:34,2020-03-22 02:00:00,30,FR,Fribourg,10,46.718391,7.074008,202,202,4,32,8,64.11,0.952,,0,3,,,,,,,35,1,https://www.fr.ch/sites/default/files/2020-04/statistiques_situation_FR_2804.xlsx,2.816,0.0
400,2020-04-29 15:03:34,2020-03-23 02:00:00,30,FR,Fribourg,10,46.718391,7.074008,226,226,3,35,7,71.72,1.269,,0,4,,,,,,,24,1,https://www.fr.ch/sites/default/files/2020-04/statistiques_situation_FR_2804.xlsx,3.587021,0.0
426,2020-04-29 15:03:34,2020-03-24 02:00:00,30,FR,Fribourg,10,46.718391,7.074008,255,255,0,35,7,80.93,1.587,,0,5,,,,,,,29,1,https://www.fr.ch/sites/default/files/2020-04/statistiques_situation_FR_2804.xlsx,4.166883,2.153383
452,2020-04-29 15:03:34,2020-03-25 02:00:00,30,FR,Fribourg,10,46.718391,7.074008,293,293,4,39,7,92.99,1.904,,0,6,,,,,,,38,1,https://www.fr.ch/sites/default/files/2020-04/statistiques_situation_FR_2804.xlsx,4.926847,1.934264
478,2020-04-29 15:03:34,2020-03-26 02:00:00,30,FR,Fribourg,10,46.718391,7.074008,309,309,5,44,5,98.06,3.491,,0,11,,,,,,,16,5,https://www.fr.ch/sites/default/files/2020-04/statistiques_situation_FR_2804.xlsx,5.632161,2.03299
505,2020-04-29 15:03:34,2020-03-27 02:00:00,30,FR,Fribourg,10,46.718391,7.074008,369,369,6,50,8,117.11,4.443,,0,14,,,,,,,60,3,https://www.fr.ch/sites/default/files/2020-04/statistiques_situation_FR_2804.xlsx,5.751982,2.249828
530,2020-04-29 15:03:34,2020-03-28 02:00:00,30,FR,Fribourg,10,46.718391,7.074008,421,421,17,67,12,133.61,4.76,,0,15,,,,,,,52,1,https://www.fr.ch/sites/default/files/2020-04/statistiques_situation_FR_2804.xlsx,5.571046,2.62207
554,2020-04-29 15:03:34,2020-03-29 01:00:00,30,FR,Fribourg,10,46.718391,7.074008,442,442,9,76,13,140.27,4.76,,0,15,,,,,,,21,0,https://www.fr.ch/sites/default/files/2020-04/statistiques_situation_FR_2804.xlsx,6.300807,3.154649
580,2020-04-29 15:03:34,2020-03-30 01:00:00,30,FR,Fribourg,10,46.718391,7.074008,477,477,1,77,16,151.38,5.395,,0,17,,,,,,,35,2,https://www.fr.ch/sites/default/files/2020-04/statistiques_situation_FR_2804.xlsx,7.111479,3.327786
606,2020-04-29 15:03:34,2020-03-31 01:00:00,30,FR,Fribourg,10,46.718391,7.074008,491,491,0,77,20,155.82,6.347,,0,20,,,,,,,14,3,https://www.fr.ch/sites/default/files/2020-04/statistiques_situation_FR_2804.xlsx,7.483728,5.797125
632,2020-04-29 15:03:34,2020-04-01 01:00:00,30,FR,Fribourg,10,46.718391,7.074008,525,525,4,81,23,166.61,7.299,,0,23,,,,,,,34,3,https://www.fr.ch/sites/default/files/2020-04/statistiques_situation_FR_2804.xlsx,9.829041,6.981222
659,2020-04-29 15:03:34,2020-04-02 01:00:00,30,FR,Fribourg,10,46.718391,7.074008,550,550,-1,80,23,174.55,8.251,46,0,26,,,,,,,25,3,https://www.fr.ch/sites/default/files/2020-04/statistiques_situation_FR_2804.xlsx,12.966422,6.300807
686,2020-04-29 15:03:34,2020-04-03 01:00:00,30,FR,Fribourg,10,46.718391,7.074008,588,588,-3,77,21,186.61,9.838,46,0,31,,,,,,,38,5,https://www.fr.ch/sites/default/files/2020-04/statistiques_situation_FR_2804.xlsx,12.142707,4.774155
712,2020-04-29 15:03:34,2020-04-04 01:00:00,30,FR,Fribourg,10,46.718391,7.074008,638,638,12,89,21,202.48,11.742,49,0,37,,,,,,,50,6,https://www.fr.ch/sites/default/files/2020-04/statistiques_situation_FR_2804.xlsx,11.917043,4.456366
736,2020-04-29 15:03:34,2020-04-05 01:00:00,30,FR,Fribourg,10,46.718391,7.074008,669,669,-2,87,20,212.31,12.694,55,0,40,,,,,,,31,3,https://www.fr.ch/sites/default/files/2020-04/statistiques_situation_FR_2804.xlsx,11.203649,5.0
761,2020-04-29 15:03:34,2020-04-06 01:00:00,30,FR,Fribourg,10,46.718391,7.074008,689,689,0,87,19,218.66,13.012,56,0,41,,,,,,,20,1,https://www.fr.ch/sites/default/files/2020-04/statistiques_situation_FR_2804.xlsx,12.749035,5.995275
788,2020-04-29 15:03:34,2020-04-07 01:00:00,30,FR,Fribourg,10,46.718391,7.074008,729,729,-9,78,22,231.36,13.964,73,0,44,,,,,,,40,3,https://www.fr.ch/sites/default/files/2020-04/statistiques_situation_FR_2804.xlsx,12.30051,6.587686
814,2020-04-29 15:03:34,2020-04-08 01:00:00,30,FR,Fribourg,10,46.718391,7.074008,756,756,2,80,22,239.92,14.281,78,0,45,,,,,,,27,1,https://www.fr.ch/sites/default/files/2020-04/statistiques_situation_FR_2804.xlsx,13.790437,9.299613
840,2020-04-29 15:03:34,2020-04-09 01:00:00,30,FR,Fribourg,10,46.718391,7.074008,786,786,0,80,20,249.44,14.599,84,0,46,,,,,,,30,1,https://www.fr.ch/sites/default/files/2020-04/statistiques_situation_FR_2804.xlsx,16.612792,15.918062
866,2020-04-29 15:03:34,2020-04-10 01:00:00,30,FR,Fribourg,10,46.718391,7.074008,796,796,-7,73,19,252.62,15.551,88,0,49,,,,,,,10,3,https://www.fr.ch/sites/default/files/2020-04/statistiques_situation_FR_2804.xlsx,19.939208,17.077567
892,2020-04-29 15:03:34,2020-04-11 01:00:00,30,FR,Fribourg,10,46.718391,7.074008,834,834,-5,68,20,264.68,16.82,93,0,53,,,,,,,38,4,https://www.fr.ch/sites/default/files/2020-04/statistiques_situation_FR_2804.xlsx,18.145962,13.50007
916,2020-04-29 15:03:34,2020-04-12 01:00:00,30,FR,Fribourg,10,46.718391,7.074008,846,846,-3,65,19,268.49,17.137,97,0,54,,,,,,,12,1,https://www.fr.ch/sites/default/files/2020-04/statistiques_situation_FR_2804.xlsx,23.284096,16.923
942,2020-04-29 15:03:34,2020-04-13 01:00:00,30,FR,Fribourg,10,46.718391,7.074008,859,859,3,68,17,272.61,17.455,97,0,55,,,,,,,13,1,https://www.fr.ch/sites/default/files/2020-04/statistiques_situation_FR_2804.xlsx,27.133817,17.270762
967,2020-04-29 15:03:34,2020-04-14 01:00:00,30,FR,Fribourg,10,46.718391,7.074008,879,879,0,68,14,278.96,18.089,98,0,57,,,,,,,20,2,https://www.fr.ch/sites/default/files/2020-04/statistiques_situation_FR_2804.xlsx,30.991636,16.164069
994,2020-04-29 15:03:34,2020-04-15 01:00:00,30,FR,Fribourg,10,46.718391,7.074008,890,890,-7,61,16,282.45,19.994,105,0,63,,,,,,,11,6,https://www.fr.ch/sites/default/files/2020-04/statistiques_situation_FR_2804.xlsx,31.048783,13.790437
1021,2020-04-29 15:03:34,2020-04-16 01:00:00,30,FR,Fribourg,10,46.718391,7.074008,907,907,-1,60,15,287.85,20.628,105,0,65,,,,,,,17,2,https://www.fr.ch/sites/default/files/2020-04/statistiques_situation_FR_2804.xlsx,41.303483,16.980964
1048,2020-04-29 15:03:34,2020-04-17 01:00:00,30,FR,Fribourg,10,46.718391,7.074008,930,930,6,66,13,295.14,21.263,106,0,67,,,,,,,23,2,https://www.fr.ch/sites/default/files/2020-04/statistiques_situation_FR_2804.xlsx,36.610443,16.066751
1073,2020-04-29 15:03:34,2020-04-18 01:00:00,30,FR,Fribourg,10,46.718391,7.074008,956,956,-2,64,11,303.4,21.898,109,0,69,,,,,,,26,2,https://www.fr.ch/sites/default/files/2020-04/statistiques_situation_FR_2804.xlsx,32.393388,15.28282
1098,2020-04-29 15:03:34,2020-04-19 01:00:00,30,FR,Fribourg,10,46.718391,7.074008,980,980,-3,61,12,311.01,22.533,113,0,71,,,,,,,24,2,https://www.fr.ch/sites/default/files/2020-04/statistiques_situation_FR_2804.xlsx,31.863657,15.779984
1124,2020-04-29 15:03:34,2020-04-20 01:00:00,30,FR,Fribourg,10,46.718391,7.074008,989,989,1,62,11,313.87,22.85,113,0,72,,,,,,,9,1,https://www.fr.ch/sites/default/files/2020-04/statistiques_situation_FR_2804.xlsx,32.859028,25.954465
1151,2020-04-29 15:03:34,2020-04-21 01:00:00,30,FR,Fribourg,10,46.718391,7.074008,995,995,-2,60,8,315.77,23.485,115,0,74,,,,,,,6,2,https://www.fr.ch/sites/default/files/2020-04/statistiques_situation_FR_2804.xlsx,37.426838,26.725741
1178,2020-04-29 15:03:34,2020-04-22 01:00:00,30,FR,Fribourg,10,46.718391,7.074008,1006,1006,-3,57,5,319.26,24.119,116,0,76,,,,,,,11,2,https://www.fr.ch/sites/default/files/2020-04/statistiques_situation_FR_2804.xlsx,44.119846,27.496954
1205,2020-04-29 15:03:34,2020-04-23 01:00:00,30,FR,Fribourg,10,46.718391,7.074008,1014,1014,0,57,5,321.8,24.119,118,0,76,,,,,,,8,0,https://www.fr.ch/sites/default/files/2020-04/statistiques_situation_FR_2804.xlsx,58.840746,35.867219
1232,2020-04-29 15:03:34,2020-04-24 01:00:00,30,FR,Fribourg,10,46.718391,7.074008,1021,1021,-2,55,8,324.02,24.119,119,0,76,,,,,,,7,0,https://www.fr.ch/sites/default/files/2020-04/statistiques_situation_FR_2804.xlsx,84.560572,50.926665
1257,2020-04-29 15:03:34,2020-04-25 01:00:00,30,FR,Fribourg,10,46.718391,7.074008,1029,1029,-1,54,7,326.56,24.119,119,0,76,,,,,,,8,0,https://www.fr.ch/sites/default/files/2020-04/statistiques_situation_FR_2804.xlsx,87.411738,64.1005
1280,2020-04-29 15:03:34,2020-04-26 01:00:00,30,FR,Fribourg,10,46.718391,7.074008,1033,1033,0,54,5,327.83,24.437,120,0,77,,,,,,,4,1,https://www.fr.ch/sites/default/files/2020-04/statistiques_situation_FR_2804.xlsx,92.469602,87.209543
1306,2020-04-29 15:03:34,2020-04-27 01:00:00,30,FR,Fribourg,10,46.718391,7.074008,1040,1040,1,55,5,330.05,24.754,120,0,78,,,,,,,7,1,https://www.fr.ch/sites/default/files/2020-04/statistiques_situation_FR_2804.xlsx,104.268278,133.42333
1333,2020-04-29 15:03:34,2020-04-28 01:00:00,30,FR,Fribourg,10,46.718391,7.074008,1044,1044,-6,49,5,331.32,24.754,121,0,78,,,,,,,4,0,https://www.fr.ch/sites/default/files/2020-04/statistiques_situation_FR_2804.xlsx,118.866321,133.42333
