,last_update,timestamp,tests_performed,abbreviation_canton,name_canton,number_canton,lat,long,total_positive_cases,total_currently_positive_cases,new_hosp,total_hospitalized,intensive_care,total_currently_positive_per_100k,deaths_per_100k,released,ncumul_ICU_intub,deaths,ncumul_vent,ncumul_confirmed_non_resident,current_hosp_non_resident,TotalPosTests1,ninst_ICU_intub,ncumul_ICF,new_positive_cases,new_deaths,source,doubling_time_total_positive,doubling_time_fatalities
76,2020-04-29 22:03:14,2020-03-04 17:00:00,,LU,Luzern,03,47.067763,8.1102,0,0,0,,,0.0,,,0,,,,,,,,0,0,https://web.archive.org/web/20200304173939/https://gesundheit.lu.ch/themen/Humanmedizin/Infektionskrankheiten/Coronavirus,0.0,0.0
297,2020-04-29 22:03:14,2020-03-18 15:00:00,,LU,Luzern,03,47.067763,8.1102,65,65,0,,,15.99,,,0,,,,,,,,65,0,https://web.archive.org/web/20200318191404/https://gesundheit.lu.ch/themen/Humanmedizin/Infektionskrankheiten/Coronavirus,0.0,0.0
341,2020-04-29 22:03:14,2020-03-20 08:40:00,,LU,Luzern,03,47.067763,8.1102,92,92,0,,,22.63,,,0,,,,,,,,27,0,https://gesundheit.lu.ch/themen/Humanmedizin/Infektionskrankheiten/Coronavirus,0.0,0.0
364,2020-04-29 22:03:14,2020-03-21 10:00:00,,LU,Luzern,03,47.067763,8.1102,109,109,0,,,26.81,0.246,,0,1,,,,,,,17,0,https://gesundheit.lu.ch/themen/Humanmedizin/Infektionskrankheiten/Coronavirus;https://newsletter.lu.ch/inxmail/html_mail.jsp?params=7UGt4J1Fx6OIONHlV9upAAuOzkQ6ZmQA%2FxRrLjJkeDWZdweUdKfwhAE94i2Apium%2F6rIvcF2Z5MaTtV52A77W2jrwVmrkZ8UhFPVmHC4iuI%3D,0.0,0.0
384,2020-04-29 22:03:14,2020-03-22 10:00:00,,LU,Luzern,03,47.067763,8.1102,131,131,0,,,32.23,0.246,,0,1,,,,,,,22,0,https://gesundheit.lu.ch/themen/Humanmedizin/Infektionskrankheiten/Coronavirus,0.0,0.0
405,2020-04-29 22:03:14,2020-03-23 10:00:00,,LU,Luzern,03,47.067763,8.1102,156,156,0,,,38.38,0.246,,0,1,,,,,,,25,0,https://gesundheit.lu.ch/themen/Humanmedizin/Infektionskrankheiten/Coronavirus,0.0,0.0
431,2020-04-29 22:03:14,2020-03-24 10:00:00,,LU,Luzern,03,47.067763,8.1102,205,205,0,,,50.43,0.492,,0,2,,,,,,,49,1,https://gesundheit.lu.ch/themen/Humanmedizin/Infektionskrankheiten/Coronavirus,3.017297,0.0
457,2020-04-29 22:03:14,2020-03-25 10:00:00,,LU,Luzern,03,47.067763,8.1102,228,228,0,,,56.09,0.492,,0,2,,,,,,,23,0,https://gesundheit.lu.ch/themen/Humanmedizin/Infektionskrankheiten/Coronavirus,3.818753,0.0
483,2020-04-29 22:03:14,2020-03-26 10:00:00,,LU,Luzern,03,47.067763,8.1102,253,253,0,,,62.24,0.738,,0,3,,,,,,,25,1,https://gesundheit.lu.ch/themen/Humanmedizin/Infektionskrankheiten/Coronavirus,4.115873,3.154649
510,2020-04-29 22:03:14,2020-03-27 10:00:00,,LU,Luzern,03,47.067763,8.1102,287,287,0,,,70.6,0.738,,0,3,,,,,,,34,0,https://gesundheit.lu.ch/themen/Humanmedizin/Infektionskrankheiten/Coronavirus,4.418976,3.154649
535,2020-04-29 22:03:14,2020-03-28 10:00:00,,LU,Luzern,03,47.067763,8.1102,317,317,0,,,77.98,0.984,,0,4,,,,,,,30,1,https://gesundheit.lu.ch/themen/Humanmedizin/Infektionskrankheiten/Coronavirus,4.887887,2.5
559,2020-04-29 22:03:14,2020-03-29 09:00:00,,LU,Luzern,03,47.067763,8.1102,339,339,0,,,83.39,1.23,,0,5,,,,,,,22,1,https://gesundheit.lu.ch/themen/Humanmedizin/Infektionskrankheiten/Coronavirus,6.890266,3.782354
585,2020-04-29 22:03:14,2020-03-30 09:00:00,,LU,Luzern,03,47.067763,8.1102,351,351,0,,,86.35,1.476,,0,6,,,,,,,12,1,https://gesundheit.lu.ch/themen/Humanmedizin/Infektionskrankheiten/Coronavirus,8.032939,3.154649
611,2020-04-29 22:03:14,2020-03-31 09:00:00,,LU,Luzern,03,47.067763,8.1102,375,375,0,,,92.25,1.722,,0,7,,,,,,,24,1,https://gesundheit.lu.ch/themen/Humanmedizin/Infektionskrankheiten/Coronavirus,8.806643,4.090339
637,2020-04-29 22:03:14,2020-04-01 09:00:00,,LU,Luzern,03,47.067763,8.1102,401,401,0,57,12,98.65,1.722,,0,7,,,,,,,26,0,https://gesundheit.lu.ch/themen/Humanmedizin/Infektionskrankheiten/Coronavirus,10.361588,4.090339
664,2020-04-29 22:03:14,2020-04-02 09:00:00,,LU,Luzern,03,47.067763,8.1102,422,422,9,66,11,103.81,1.722,,0,7,,,,,,,21,0,https://gesundheit.lu.ch/themen/Humanmedizin/Infektionskrankheiten/Coronavirus,12.113572,6.193063
691,2020-04-29 22:03:14,2020-04-03 09:00:00,,LU,Luzern,03,47.067763,8.1102,449,449,-17,49,12,110.46,1.722,,0,7,,,,,,,27,0,https://gesundheit.lu.ch/themen/Humanmedizin/Infektionskrankheiten/Coronavirus,12.33258,10.300214
717,2020-04-29 22:03:14,2020-04-04 09:00:00,,LU,Luzern,03,47.067763,8.1102,469,469,0,49,12,115.38,1.722,,0,7,,,,,,,20,0,https://gesundheit.lu.ch/themen/Humanmedizin/Infektionskrankheiten/Coronavirus,11.958378,22.482781
741,2020-04-29 22:03:14,2020-04-05 09:00:00,,LU,Luzern,03,47.067763,8.1102,478,478,0,49,12,117.59,2.214,,0,9,,,,,,,9,2,https://gesundheit.lu.ch/themen/Humanmedizin/Infektionskrankheiten/Coronavirus,14.280817,13.790437
766,2020-04-29 22:03:14,2020-04-06 09:00:00,,LU,Luzern,03,47.067763,8.1102,497,497,12,61,6,122.26,2.214,,0,9,,,,,,,19,0,https://gesundheit.lu.ch/themen/Humanmedizin/Infektionskrankheiten/Coronavirus,16.147596,13.790437
793,2020-04-29 22:03:14,2020-04-07 09:00:00,,LU,Luzern,03,47.067763,8.1102,509,509,-4,57,6,125.22,2.214,,0,9,,,,,,,12,0,https://gesundheit.lu.ch/themen/Humanmedizin/Infektionskrankheiten/Coronavirus,18.489575,13.790437
819,2020-04-29 22:03:14,2020-04-08 09:00:00,,LU,Luzern,03,47.067763,8.1102,527,527,0,57,6,129.64,2.214,,0,9,,,,,,,18,0,https://gesundheit.lu.ch/themen/Humanmedizin/Infektionskrankheiten/Coronavirus,21.636824,13.790437
845,2020-04-29 22:03:14,2020-04-09 11:00:00,,LU,Luzern,03,47.067763,8.1102,542,542,0,62,6,133.33,2.214,,0,9,,,,,,,15,0,https://gesundheit.lu.ch/themen/Humanmedizin/Infektionskrankheiten/Coronavirus,23.957268,13.790437
871,2020-04-29 22:03:14,2020-04-10 11:00:00,,LU,Luzern,03,47.067763,8.1102,560,560,7,69,6,137.76,2.214,,0,9,,,,,,,18,0,https://gesundheit.lu.ch/themen/Humanmedizin/Infektionskrankheiten/Coronavirus,21.889865,
897,2020-04-29 22:03:14,2020-04-11 09:00:00,,LU,Luzern,03,47.067763,8.1102,568,568,0,69,6,139.73,2.46,,0,10,,,,,,,8,1,https://gesundheit.lu.ch/themen/Humanmedizin/Infektionskrankheiten/Coronavirus,25.954465,32.894067
921,2020-04-29 22:03:14,2020-04-12 09:00:00,,LU,Luzern,03,47.067763,8.1102,576,576,0,60,5,141.7,2.46,,0,10,,,,,,,8,0,https://gesundheit.lu.ch/themen/Humanmedizin/Infektionskrankheiten/Coronavirus,28.02641,32.894067
947,2020-04-29 22:03:14,2020-04-13 09:00:00,,LU,Luzern,03,47.067763,8.1102,580,580,-20,40,5,142.68,2.46,,0,10,,,,,,,4,0,https://gesundheit.lu.ch/themen/Humanmedizin/Infektionskrankheiten/Coronavirus,36.166381,32.894067
972,2020-04-29 22:03:14,2020-04-14 09:00:00,,LU,Luzern,03,47.067763,8.1102,589,589,7,47,4,144.9,2.706,,0,11,,,,,,,9,1,https://gesundheit.lu.ch/themen/Humanmedizin/Infektionskrankheiten/Coronavirus,41.675425,17.270762
999,2020-04-29 22:03:14,2020-04-15 09:00:00,,LU,Luzern,03,47.067763,8.1102,596,596,-1,46,4,146.62,2.952,,0,12,,,,,,,7,1,https://gesundheit.lu.ch/themen/Humanmedizin/Infektionskrankheiten/Coronavirus,55.626322,12.047104
1026,2020-04-29 22:03:14,2020-04-16 10:30:00,,LU,Luzern,03,47.067763,8.1102,599,599,-6,40,3,147.36,3.198,,0,13,,,,,,,3,1,https://gesundheit.lu.ch/themen/Humanmedizin/Infektionskrankheiten/Coronavirus,65.218747,13.209634
1053,2020-04-29 22:03:14,2020-04-17 09:00:00,,LU,Luzern,03,47.067763,8.1102,607,607,0,40,3,149.32,3.444,,0,14,,,,,,,8,1,https://gesundheit.lu.ch/themen/Humanmedizin/Infektionskrankheiten/Coronavirus,66.113338,10.300214
1078,2020-04-29 22:03:14,2020-04-18 10:30:00,,LU,Luzern,03,47.067763,8.1102,623,623,-14,26,4,153.26,3.69,,0,15,,,,,,,16,1,https://gesundheit.lu.ch/themen/Humanmedizin/Infektionskrankheiten/Coronavirus,48.45935,8.547556
1103,2020-04-29 22:03:14,2020-04-19 09:00:00,,LU,Luzern,03,47.067763,8.1102,626,626,0,26,4,154.0,3.69,,0,15,,,,,,,3,0,https://gesundheit.lu.ch/themen/Humanmedizin/Infektionskrankheiten/Coronavirus,56.886042,11.174209
1129,2020-04-29 22:03:14,2020-04-20 09:00:00,,LU,Luzern,03,47.067763,8.1102,633,633,7,33,5,155.72,3.69,,0,15,,,,,,,7,0,https://gesundheit.lu.ch/themen/Humanmedizin/Infektionskrankheiten/Coronavirus,57.541923,15.531419
1156,2020-04-29 22:03:14,2020-04-21 10:00:00,,LU,Luzern,03,47.067763,8.1102,643,643,2,35,5,158.18,3.69,,0,15,,,,,,,10,0,https://gesundheit.lu.ch/themen/Humanmedizin/Infektionskrankheiten/Coronavirus,48.893666,24.218836
1183,2020-04-29 22:03:14,2020-04-22 09:00:00,,LU,Luzern,03,47.067763,8.1102,648,648,0,35,5,159.41,3.69,,0,15,,,,,,,5,0,https://gesundheit.lu.ch/themen/Humanmedizin/Infektionskrankheiten/Coronavirus,53.023789,50.233246
1210,2020-04-29 22:03:14,2020-04-23 09:00:00,,LU,Luzern,03,47.067763,8.1102,654,654,0,38,7,160.89,3.69,,0,15,,,,,,,6,0,https://gesundheit.lu.ch/themen/Humanmedizin/Infektionskrankheiten/Coronavirus,71.368955,
1237,2020-04-29 22:03:14,2020-04-24 09:00:00,,LU,Luzern,03,47.067763,8.1102,660,660,0,38,7,162.36,3.936,,0,16,,,,,,,6,1,https://gesundheit.lu.ch/themen/Humanmedizin/Infektionskrankheiten/Coronavirus,65.527908,53.700268
1262,2020-04-29 22:03:14,2020-04-25 10:00:00,,LU,Luzern,03,47.067763,8.1102,667,667,0,32,8,164.08,3.936,,0,16,,,,,,,7,0,https://gesundheit.lu.ch/themen/Humanmedizin/Infektionskrankheiten/Coronavirus,66.241606,53.700268
1285,2020-04-29 22:03:14,2020-04-26 10:00:00,,LU,Luzern,03,47.067763,8.1102,670,670,-6,26,7,164.82,3.936,,0,16,,,,,,,3,0,https://gesundheit.lu.ch/themen/Humanmedizin/Infektionskrankheiten/Coronavirus,84.256847,53.700268
1311,2020-04-29 22:03:14,2020-04-27 10:00:00,,LU,Luzern,03,47.067763,8.1102,674,674,6,32,7,165.81,3.936,,0,16,,,,,,,4,0,https://gesundheit.lu.ch/themen/Humanmedizin/Infektionskrankheiten/Coronavirus,88.098309,53.700268
1338,2020-04-29 22:03:14,2020-04-28 01:00:00,,LU,Luzern,03,47.067763,8.1102,677,677,-3,29,7,166.54,4.182,,0,17,,,,,,,3,1,https://gesundheit.lu.ch/themen/Humanmedizin/Infektionskrankheiten/Coronavirus,100.270333,27.689748
1362,2020-04-29 22:03:14,2020-04-29 01:00:00,,LU,Luzern,03,47.067763,8.1102,687,687,2,31,8,169.0,4.182,,0,17,,,,,,,10,0,https://gesundheit.lu.ch/themen/Humanmedizin/Infektionskrankheiten/Coronavirus,86.439277,57.167134
