,last_update,timestamp,tests_performed,abbreviation_canton,name_canton,number_canton,lat,long,total_positive_cases,total_currently_positive_cases,new_hosp,total_hospitalized,intensive_care,total_currently_positive_per_100k,deaths_per_100k,released,ncumul_ICU_intub,deaths,ncumul_vent,ncumul_confirmed_non_resident,current_hosp_non_resident,TotalPosTests1,ninst_ICU_intub,ncumul_ICF,new_positive_cases,new_deaths,source,doubling_time_total_positive,doubling_time_fatalities
35,2020-04-30 15:03:29,2020-03-01 02:00:00,,NE,Neuchâtel,24,46.995534,6.780126,1,1,0,,,0.56,,,0,,,,,,,,0,0,https://www.ne.ch/autorites/DFS/SCSP/medecin-cantonal/maladies-vaccinations/Documents/Covid-19-Statistiques/COVID19_PublicationInternet.xlsx,0.0,0.0
48,2020-04-30 15:03:29,2020-03-02 02:00:00,,NE,Neuchâtel,24,46.995534,6.780126,1,1,0,1,,0.56,,,0,,,,,,,,0,0,https://www.ne.ch/autorites/DFS/SCSP/medecin-cantonal/maladies-vaccinations/Documents/Covid-19-Statistiques/COVID19_PublicationInternet.xlsx,0.0,0.0
61,2020-04-30 15:03:29,2020-03-03 02:00:00,,NE,Neuchâtel,24,46.995534,6.780126,1,1,0,1,,0.56,,,0,,,,,,,,0,0,https://www.ne.ch/autorites/DFS/SCSP/medecin-cantonal/maladies-vaccinations/Documents/Covid-19-Statistiques/COVID19_PublicationInternet.xlsx,0.0,0.0
77,2020-04-30 15:03:29,2020-03-04 02:00:00,,NE,Neuchâtel,24,46.995534,6.780126,8,8,3,4,,4.49,,,0,,,,,,,,7,0,https://www.ne.ch/autorites/DFS/SCSP/medecin-cantonal/maladies-vaccinations/Documents/Covid-19-Statistiques/COVID19_PublicationInternet.xlsx,0.0,0.0
93,2020-04-30 15:03:29,2020-03-05 02:00:00,,NE,Neuchâtel,24,46.995534,6.780126,9,9,0,4,,5.06,,,0,,,,,,,,1,0,https://www.ne.ch/autorites/DFS/SCSP/medecin-cantonal/maladies-vaccinations/Documents/Covid-19-Statistiques/COVID19_PublicationInternet.xlsx,0.0,0.0
106,2020-04-30 15:03:29,2020-03-06 02:00:00,,NE,Neuchâtel,24,46.995534,6.780126,13,13,-2,2,,7.3,,,0,,,,,,,,4,0,https://www.ne.ch/autorites/DFS/SCSP/medecin-cantonal/maladies-vaccinations/Documents/Covid-19-Statistiques/COVID19_PublicationInternet.xlsx,1.351191,0.0
119,2020-04-30 15:03:29,2020-03-07 02:00:00,,NE,Neuchâtel,24,46.995534,6.780126,18,18,0,2,,10.11,,,0,,,,,,,,5,0,https://www.ne.ch/autorites/DFS/SCSP/medecin-cantonal/maladies-vaccinations/Documents/Covid-19-Statistiques/COVID19_PublicationInternet.xlsx,1.199062,0.0
130,2020-04-30 15:03:29,2020-03-08 02:00:00,,NE,Neuchâtel,24,46.995534,6.780126,24,24,1,3,,13.48,,,0,,,,,,,,6,0,https://www.ne.ch/autorites/DFS/SCSP/medecin-cantonal/maladies-vaccinations/Documents/Covid-19-Statistiques/COVID19_PublicationInternet.xlsx,1.090521,0.0
145,2020-04-30 15:03:29,2020-03-09 02:00:00,,NE,Neuchâtel,24,46.995534,6.780126,27,27,1,4,,15.17,,,0,,,,,,,,3,0,https://www.ne.ch/autorites/DFS/SCSP/medecin-cantonal/maladies-vaccinations/Documents/Covid-19-Statistiques/COVID19_PublicationInternet.xlsx,2.849185,0.0
158,2020-04-30 15:03:29,2020-03-10 02:00:00,,NE,Neuchâtel,24,46.995534,6.780126,31,31,0,4,,17.42,,,0,,,,,,,,4,0,https://www.ne.ch/autorites/DFS/SCSP/medecin-cantonal/maladies-vaccinations/Documents/Covid-19-Statistiques/COVID19_PublicationInternet.xlsx,2.802264,0.0
172,2020-04-30 15:03:29,2020-03-11 02:00:00,,NE,Neuchâtel,24,46.995534,6.780126,37,37,2,6,,20.79,,,0,,,,,,,,6,0,https://www.ne.ch/autorites/DFS/SCSP/medecin-cantonal/maladies-vaccinations/Documents/Covid-19-Statistiques/COVID19_PublicationInternet.xlsx,3.313423,0.0
189,2020-04-30 15:03:29,2020-03-12 02:00:00,,NE,Neuchâtel,24,46.995534,6.780126,46,46,0,6,,25.84,,,0,,,,,,,,9,0,https://www.ne.ch/autorites/DFS/SCSP/medecin-cantonal/maladies-vaccinations/Documents/Covid-19-Statistiques/COVID19_PublicationInternet.xlsx,3.693753,0.0
206,2020-04-30 15:03:29,2020-03-13 02:00:00,,NE,Neuchâtel,24,46.995534,6.780126,59,59,3,9,,33.15,,,0,,,,,,,,13,0,https://www.ne.ch/autorites/DFS/SCSP/medecin-cantonal/maladies-vaccinations/Documents/Covid-19-Statistiques/COVID19_PublicationInternet.xlsx,3.853028,0.0
224,2020-04-30 15:03:29,2020-03-14 02:00:00,,NE,Neuchâtel,24,46.995534,6.780126,68,68,1,10,,38.2,,,0,,,,,,,,9,0,https://www.ne.ch/autorites/DFS/SCSP/medecin-cantonal/maladies-vaccinations/Documents/Covid-19-Statistiques/COVID19_PublicationInternet.xlsx,3.752133,0.0
239,2020-04-30 15:03:29,2020-03-15 02:00:00,,NE,Neuchâtel,24,46.995534,6.780126,74,74,-1,9,,41.57,,,0,,,,,,,,6,0,https://www.ne.ch/autorites/DFS/SCSP/medecin-cantonal/maladies-vaccinations/Documents/Covid-19-Statistiques/COVID19_PublicationInternet.xlsx,3.983248,0.0
257,2020-04-30 15:03:29,2020-03-16 02:00:00,,NE,Neuchâtel,24,46.995534,6.780126,93,93,4,13,,52.25,,,0,,,,,,,,19,0,https://www.ne.ch/autorites/DFS/SCSP/medecin-cantonal/maladies-vaccinations/Documents/Covid-19-Statistiques/COVID19_PublicationInternet.xlsx,3.760231,0.0
276,2020-04-30 15:03:29,2020-03-17 02:00:00,,NE,Neuchâtel,24,46.995534,6.780126,114,114,3,16,,64.04,0.562,,0,1,,,,,,,21,0,https://www.ne.ch/autorites/DFS/SCSP/medecin-cantonal/maladies-vaccinations/Documents/Covid-19-Statistiques/COVID19_PublicationInternet.xlsx,3.818753,0.0
298,2020-04-30 15:03:29,2020-03-18 02:00:00,,NE,Neuchâtel,24,46.995534,6.780126,146,146,2,18,,82.02,1.124,,0,2,,,,,,,32,1,https://www.ne.ch/autorites/DFS/SCSP/medecin-cantonal/maladies-vaccinations/Documents/Covid-19-Statistiques/COVID19_PublicationInternet.xlsx,3.825024,0.0
320,2020-04-30 15:03:29,2020-03-19 02:00:00,,NE,Neuchâtel,24,46.995534,6.780126,175,175,1,19,,98.31,1.685,,0,3,,,,,,,29,1,https://www.ne.ch/autorites/DFS/SCSP/medecin-cantonal/maladies-vaccinations/Documents/Covid-19-Statistiques/COVID19_PublicationInternet.xlsx,3.666366,0.0
342,2020-04-30 15:03:29,2020-03-20 02:00:00,,NE,Neuchâtel,24,46.995534,6.780126,189,189,2,21,,106.18,1.685,,0,3,,,,,,,14,0,https://www.ne.ch/autorites/DFS/SCSP/medecin-cantonal/maladies-vaccinations/Documents/Covid-19-Statistiques/COVID19_PublicationInternet.xlsx,3.696068,0.0
365,2020-04-30 15:03:29,2020-03-21 02:00:00,,NE,Neuchâtel,24,46.995534,6.780126,200,200,-1,20,,112.36,2.247,,0,4,,,,,,,11,1,https://www.ne.ch/autorites/DFS/SCSP/medecin-cantonal/maladies-vaccinations/Documents/Covid-19-Statistiques/COVID19_PublicationInternet.xlsx,4.526126,0.0
385,2020-04-30 15:03:29,2020-03-22 02:00:00,,NE,Neuchâtel,24,46.995534,6.780126,216,216,8,28,,121.35,2.247,,0,4,,,,,,,16,0,https://www.ne.ch/autorites/DFS/SCSP/medecin-cantonal/maladies-vaccinations/Documents/Covid-19-Statistiques/COVID19_PublicationInternet.xlsx,5.423008,2.5
406,2020-04-30 15:03:29,2020-03-23 02:00:00,,NE,Neuchâtel,24,46.995534,6.780126,247,247,5,33,11,138.76,2.809,,0,5,6,,,,,,31,1,https://www.ne.ch/autorites/DFS/SCSP/medecin-cantonal/maladies-vaccinations/Documents/Covid-19-Statistiques/COVID19_PublicationInternet.xlsx,6.591587,3.782354
432,2020-04-30 15:03:29,2020-03-24 02:00:00,,NE,Neuchâtel,24,46.995534,6.780126,265,265,-1,32,8,148.88,3.371,,0,6,6,,,,,,18,1,https://www.ne.ch/autorites/DFS/SCSP/medecin-cantonal/maladies-vaccinations/Documents/Covid-19-Statistiques/COVID19_PublicationInternet.xlsx,8.352301,5.0
459,2020-04-30 15:03:29,2020-03-25 02:00:00,,NE,Neuchâtel,24,46.995534,6.780126,280,280,9,41,10,157.3,5.056,,0,9,7,,,,,,15,3,https://www.ne.ch/autorites/DFS/SCSP/medecin-cantonal/maladies-vaccinations/Documents/Covid-19-Statistiques/COVID19_PublicationInternet.xlsx,8.817711,3.154649
485,2020-04-30 15:03:29,2020-03-26 02:00:00,,NE,Neuchâtel,24,46.995534,6.780126,299,299,1,42,9,167.98,6.742,,0,12,7,,,,,,19,3,https://www.ne.ch/autorites/DFS/SCSP/medecin-cantonal/maladies-vaccinations/Documents/Covid-19-Statistiques/COVID19_PublicationInternet.xlsx,8.618528,3.154649
512,2020-04-30 15:03:29,2020-03-27 02:00:00,,NE,Neuchâtel,24,46.995534,6.780126,316,316,3,45,9,177.53,7.303,,0,13,7,,,,,,17,1,https://www.ne.ch/autorites/DFS/SCSP/medecin-cantonal/maladies-vaccinations/Documents/Covid-19-Statistiques/COVID19_PublicationInternet.xlsx,9.109239,2.940416
538,2020-04-30 15:03:29,2020-03-28 02:00:00,,NE,Neuchâtel,24,46.995534,6.780126,337,337,5,50,11,189.33,8.427,,0,15,8,,,,,,21,2,https://www.ne.ch/autorites/DFS/SCSP/medecin-cantonal/maladies-vaccinations/Documents/Covid-19-Statistiques/COVID19_PublicationInternet.xlsx,11.1548,3.154649
562,2020-04-30 15:03:29,2020-03-29 01:00:00,,NE,Neuchâtel,24,46.995534,6.780126,346,346,10,60,16,194.38,10.112,,0,18,6,,,,,,9,3,https://www.ne.ch/autorites/DFS/SCSP/medecin-cantonal/maladies-vaccinations/Documents/Covid-19-Statistiques/COVID19_PublicationInternet.xlsx,12.994449,3.154649
588,2020-04-30 15:03:29,2020-03-30 01:00:00,,NE,Neuchâtel,24,46.995534,6.780126,378,378,-3,57,12,212.36,11.236,,0,20,6,,,,,,32,2,https://www.ne.ch/autorites/DFS/SCSP/medecin-cantonal/maladies-vaccinations/Documents/Covid-19-Statistiques/COVID19_PublicationInternet.xlsx,11.548427,4.340266
614,2020-04-30 15:03:29,2020-03-31 01:00:00,,NE,Neuchâtel,24,46.995534,6.780126,402,402,2,59,14,225.84,12.36,,0,22,8,,,,,,24,2,https://www.ne.ch/autorites/DFS/SCSP/medecin-cantonal/maladies-vaccinations/Documents/Covid-19-Statistiques/COVID19_PublicationInternet.xlsx,11.70823,5.717755
640,2020-04-30 15:03:29,2020-04-01 01:00:00,,NE,Neuchâtel,24,46.995534,6.780126,420,420,7,66,14,235.96,13.483,,0,24,8,,,,,,18,2,https://www.ne.ch/autorites/DFS/SCSP/medecin-cantonal/maladies-vaccinations/Documents/Covid-19-Statistiques/COVID19_PublicationInternet.xlsx,12.181313,5.652766
667,2020-04-30 15:03:29,2020-04-02 01:00:00,,NE,Neuchâtel,24,46.995534,6.780126,430,430,-5,61,12,241.57,15.169,,0,27,10,,,,,,10,3,https://www.ne.ch/autorites/DFS/SCSP/medecin-cantonal/maladies-vaccinations/Documents/Covid-19-Statistiques/COVID19_PublicationInternet.xlsx,14.221188,5.896248
694,2020-04-30 15:03:29,2020-04-03 01:00:00,,NE,Neuchâtel,24,46.995534,6.780126,444,444,0,61,11,249.44,15.73,,0,28,9,,,,,,14,1,https://www.ne.ch/autorites/DFS/SCSP/medecin-cantonal/maladies-vaccinations/Documents/Covid-19-Statistiques/COVID19_PublicationInternet.xlsx,13.897087,7.844
720,2020-04-30 15:03:29,2020-04-04 01:00:00,,NE,Neuchâtel,24,46.995534,6.780126,452,452,-2,59,10,253.93,16.854,,0,30,9,,,,,,8,2,https://www.ne.ch/autorites/DFS/SCSP/medecin-cantonal/maladies-vaccinations/Documents/Covid-19-Statistiques/COVID19_PublicationInternet.xlsx,19.384613,8.547556
744,2020-04-30 15:03:29,2020-04-05 01:00:00,,NE,Neuchâtel,24,46.995534,6.780126,463,463,-1,58,12,260.11,16.854,,0,30,8,,,,,,11,0,https://www.ne.ch/autorites/DFS/SCSP/medecin-cantonal/maladies-vaccinations/Documents/Covid-19-Statistiques/COVID19_PublicationInternet.xlsx,24.531847,11.174209
769,2020-04-30 15:03:29,2020-04-06 01:00:00,,NE,Neuchâtel,24,46.995534,6.780126,485,485,1,59,10,272.47,19.101,,0,34,8,,,,,,22,4,https://www.ne.ch/autorites/DFS/SCSP/medecin-cantonal/maladies-vaccinations/Documents/Covid-19-Statistiques/COVID19_PublicationInternet.xlsx,24.08531,9.950242
796,2020-04-30 15:03:29,2020-04-07 01:00:00,,NE,Neuchâtel,24,46.995534,6.780126,509,509,5,64,10,285.96,20.787,,0,37,5,,,,,,24,3,https://www.ne.ch/autorites/DFS/SCSP/medecin-cantonal/maladies-vaccinations/Documents/Covid-19-Statistiques/COVID19_PublicationInternet.xlsx,20.548311,10.999506
822,2020-04-30 15:03:29,2020-04-08 01:00:00,,NE,Neuchâtel,24,46.995534,6.780126,514,514,-1,63,10,288.76,22.472,,0,40,7,,,,,,5,3,https://www.ne.ch/autorites/DFS/SCSP/medecin-cantonal/maladies-vaccinations/Documents/Covid-19-Statistiques/COVID19_PublicationInternet.xlsx,23.673269,9.716791
848,2020-04-30 15:03:29,2020-04-09 01:00:00,,NE,Neuchâtel,24,46.995534,6.780126,546,546,-5,58,10,306.74,23.596,,0,42,7,,,,,,32,2,https://www.ne.ch/autorites/DFS/SCSP/medecin-cantonal/maladies-vaccinations/Documents/Covid-19-Statistiques/COVID19_PublicationInternet.xlsx,18.343361,10.300214
874,2020-04-30 15:03:29,2020-04-10 01:00:00,,NE,Neuchâtel,24,46.995534,6.780126,566,566,5,63,11,317.98,23.596,,0,42,8,,,,,,20,0,https://www.ne.ch/autorites/DFS/SCSP/medecin-cantonal/maladies-vaccinations/Documents/Covid-19-Statistiques/COVID19_PublicationInternet.xlsx,17.253882,10.300214
900,2020-04-30 15:03:29,2020-04-11 01:00:00,,NE,Neuchâtel,24,46.995534,6.780126,575,575,1,64,11,323.03,25.281,,0,45,9,,,,,,9,3,https://www.ne.ch/autorites/DFS/SCSP/medecin-cantonal/maladies-vaccinations/Documents/Covid-19-Statistiques/COVID19_PublicationInternet.xlsx,20.360196,12.364294
924,2020-04-30 15:03:29,2020-04-12 01:00:00,,NE,Neuchâtel,24,46.995534,6.780126,585,585,3,67,10,328.65,28.09,,0,50,10,,,,,,10,5,https://www.ne.ch/autorites/DFS/SCSP/medecin-cantonal/maladies-vaccinations/Documents/Covid-19-Statistiques/COVID19_PublicationInternet.xlsx,24.903999,11.510054
950,2020-04-30 15:03:29,2020-04-13 01:00:00,,NE,Neuchâtel,24,46.995534,6.780126,591,591,0,67,10,332.02,29.213,,0,52,10,,,,,,6,2,https://www.ne.ch/autorites/DFS/SCSP/medecin-cantonal/maladies-vaccinations/Documents/Covid-19-Statistiques/COVID19_PublicationInternet.xlsx,24.827477,13.209634
975,2020-04-30 15:03:29,2020-04-14 01:00:00,,NE,Neuchâtel,24,46.995534,6.780126,602,602,-7,60,11,338.2,30.899,,0,55,10,,,,,,11,3,https://www.ne.ch/autorites/DFS/SCSP/medecin-cantonal/maladies-vaccinations/Documents/Covid-19-Statistiques/COVID19_PublicationInternet.xlsx,35.495598,12.852073
1002,2020-04-30 15:03:29,2020-04-15 01:00:00,,NE,Neuchâtel,24,46.995534,6.780126,615,615,-6,54,12,345.51,31.461,,0,56,10,,,,,,13,1,https://www.ne.ch/autorites/DFS/SCSP/medecin-cantonal/maladies-vaccinations/Documents/Covid-19-Statistiques/COVID19_PublicationInternet.xlsx,41.741677,12.047104
1029,2020-04-30 15:03:29,2020-04-16 01:00:00,,NE,Neuchâtel,24,46.995534,6.780126,624,624,-2,52,11,350.56,32.022,,0,57,9,,,,,,9,1,https://www.ne.ch/autorites/DFS/SCSP/medecin-cantonal/maladies-vaccinations/Documents/Covid-19-Statistiques/COVID19_PublicationInternet.xlsx,42.378601,14.661169
1056,2020-04-30 15:03:29,2020-04-17 01:00:00,,NE,Neuchâtel,24,46.995534,6.780126,633,633,-8,44,10,355.62,33.708,,0,60,8,,,,,,9,3,https://www.ne.ch/autorites/DFS/SCSP/medecin-cantonal/maladies-vaccinations/Documents/Covid-19-Statistiques/COVID19_PublicationInternet.xlsx,43.948751,19.00892
1081,2020-04-30 15:03:29,2020-04-18 01:00:00,,NE,Neuchâtel,24,46.995534,6.780126,636,636,0,44,10,357.3,33.708,,0,60,8,,,,,,3,0,https://www.ne.ch/autorites/DFS/SCSP/medecin-cantonal/maladies-vaccinations/Documents/Covid-19-Statistiques/COVID19_PublicationInternet.xlsx,47.228341,24.218836
1106,2020-04-30 15:03:29,2020-04-19 01:00:00,,NE,Neuchâtel,24,46.995534,6.780126,637,637,-1,43,9,357.87,34.831,,0,62,4,,,,,,1,2,https://www.ne.ch/autorites/DFS/SCSP/medecin-cantonal/maladies-vaccinations/Documents/Covid-19-Statistiques/COVID19_PublicationInternet.xlsx,61.327205,28.929058
1132,2020-04-30 15:03:29,2020-04-20 01:00:00,,NE,Neuchâtel,24,46.995534,6.780126,647,647,1,44,10,363.48,36.517,,0,65,5,,,,,,10,3,https://www.ne.ch/autorites/DFS/SCSP/medecin-cantonal/maladies-vaccinations/Documents/Covid-19-Statistiques/COVID19_PublicationInternet.xlsx,68.325331,23.25442
1159,2020-04-30 15:03:29,2020-04-21 01:00:00,,NE,Neuchâtel,24,46.995534,6.780126,652,652,-7,37,7,366.29,37.079,,0,66,4,,,,,,5,1,https://www.ne.ch/autorites/DFS/SCSP/medecin-cantonal/maladies-vaccinations/Documents/Covid-19-Statistiques/COVID19_PublicationInternet.xlsx,78.956591,23.640203
1186,2020-04-30 15:03:29,2020-04-22 01:00:00,,NE,Neuchâtel,24,46.995534,6.780126,659,659,0,37,6,370.22,38.202,,0,68,4,,,,,,7,2,https://www.ne.ch/autorites/DFS/SCSP/medecin-cantonal/maladies-vaccinations/Documents/Covid-19-Statistiques/COVID19_PublicationInternet.xlsx,86.098582,27.689748
1213,2020-04-30 15:03:29,2020-04-23 01:00:00,,NE,Neuchâtel,24,46.995534,6.780126,666,666,-2,35,6,374.16,38.202,,0,68,4,,,,,,7,0,https://www.ne.ch/autorites/DFS/SCSP/medecin-cantonal/maladies-vaccinations/Documents/Covid-19-Statistiques/COVID19_PublicationInternet.xlsx,75.193158,27.689748
1240,2020-04-30 15:03:29,2020-04-24 01:00:00,,NE,Neuchâtel,24,46.995534,6.780126,669,669,1,36,6,375.84,39.326,,0,70,4,,,,,,3,2,https://www.ne.ch/autorites/DFS/SCSP/medecin-cantonal/maladies-vaccinations/Documents/Covid-19-Statistiques/COVID19_PublicationInternet.xlsx,70.708518,28.557279
1265,2020-04-30 15:03:29,2020-04-25 01:00:00,,NE,Neuchâtel,24,46.995534,6.780126,670,670,-1,35,4,376.4,39.888,,0,71,3,,,,,,1,1,https://www.ne.ch/autorites/DFS/SCSP/medecin-cantonal/maladies-vaccinations/Documents/Covid-19-Statistiques/COVID19_PublicationInternet.xlsx,99.215437,39.252844
1288,2020-04-30 15:03:29,2020-04-26 01:00:00,,NE,Neuchâtel,24,46.995534,6.780126,671,671,-3,32,3,376.97,41.011,,0,73,3,,,,,,1,2,https://www.ne.ch/autorites/DFS/SCSP/medecin-cantonal/maladies-vaccinations/Documents/Covid-19-Statistiques/COVID19_PublicationInternet.xlsx,120.654036,34.380698
1314,2020-04-30 15:03:29,2020-04-27 01:00:00,,NE,Neuchâtel,24,46.995534,6.780126,676,676,-4,28,3,379.78,41.011,,0,73,3,,,,,,5,0,https://www.ne.ch/autorites/DFS/SCSP/medecin-cantonal/maladies-vaccinations/Documents/Covid-19-Statistiques/COVID19_PublicationInternet.xlsx,136.073745,48.846386
1341,2020-04-30 15:03:29,2020-04-28 01:00:00,,NE,Neuchâtel,24,46.995534,6.780126,676,676,-2,26,3,379.78,41.573,,0,74,3,,,,,,0,1,https://www.ne.ch/autorites/DFS/SCSP/medecin-cantonal/maladies-vaccinations/Documents/Covid-19-Statistiques/COVID19_PublicationInternet.xlsx,232.546575,40.98679
1368,2020-04-30 15:03:29,2020-04-29 01:00:00,,NE,Neuchâtel,24,46.995534,6.780126,676,676,0,26,4,379.78,41.573,,0,74,4,,,,,,0,0,https://www.ne.ch/autorites/DFS/SCSP/medecin-cantonal/maladies-vaccinations/Documents/Covid-19-Statistiques/COVID19_PublicationInternet.xlsx,332.955193,62.367198
