,last_update,timestamp,tests_performed,abbreviation_canton,name_canton,number_canton,lat,long,total_positive_cases,total_currently_positive_cases,new_hosp,total_hospitalized,intensive_care,total_currently_positive_per_100k,deaths_per_100k,released,ncumul_ICU_intub,deaths,ncumul_vent,ncumul_confirmed_non_resident,current_hosp_non_resident,TotalPosTests1,ninst_ICU_intub,ncumul_ICF,ncumul_deceased_suspect,new_positive_cases,new_deaths,source,doubling_time_total_positive,doubling_time_fatalities
173,2020-04-23 18:03:24,2020-03-11 02:00:00,,SH,Schaffhausen,14,47.71357,8.59167,1,1,0,,,1.23,0.0,,0,0,,,,,,,,0,0,https://sh.ch/CMS/Webseite/Kanton-Schaffhausen/Beh-rde/Verwaltung/Departement-des-Innern/Gesundheitsamt-3209198-DE.html,0.0,0.0
189,2020-04-23 18:03:24,2020-03-12 02:00:00,,SH,Schaffhausen,14,47.71357,8.59167,1,1,0,,,1.23,0.0,,0,0,,,,,,,,0,0,https://sh.ch/CMS/Webseite/Kanton-Schaffhausen/Beh-rde/Verwaltung/Departement-des-Innern/Gesundheitsamt-3209198-DE.html,0.0,0.0
204,2020-04-23 18:03:24,2020-03-13 02:00:00,,SH,Schaffhausen,14,47.71357,8.59167,1,1,0,,,1.23,0.0,,0,0,,,,,,,,0,0,https://sh.ch/CMS/Webseite/Kanton-Schaffhausen/Beh-rde/Verwaltung/Departement-des-Innern/Gesundheitsamt-3209198-DE.html,0.0,0.0
219,2020-04-23 18:03:24,2020-03-14 02:00:00,,SH,Schaffhausen,14,47.71357,8.59167,1,1,0,,,1.23,0.0,,0,0,,,,,,,,0,0,https://sh.ch/CMS/Webseite/Kanton-Schaffhausen/Beh-rde/Verwaltung/Departement-des-Innern/Gesundheitsamt-3209198-DE.html,0.0,0.0
232,2020-04-23 18:03:24,2020-03-15 02:00:00,,SH,Schaffhausen,14,47.71357,8.59167,1,1,0,,,1.23,0.0,,0,0,,,,,,,,0,0,https://sh.ch/CMS/Webseite/Kanton-Schaffhausen/Beh-rde/Verwaltung/Departement-des-Innern/Gesundheitsamt-3209198-DE.html,0.0,0.0
248,2020-04-23 18:03:24,2020-03-16 02:00:00,,SH,Schaffhausen,14,47.71357,8.59167,2,2,0,,,2.46,0.0,,0,0,,,,,,,,1,0,https://sh.ch/CMS/Webseite/Kanton-Schaffhausen/Beh-rde/Verwaltung/Departement-des-Innern/Gesundheitsamt-3209198-DE.html,5.0,0.0
266,2020-04-23 18:03:24,2020-03-17 02:00:00,,SH,Schaffhausen,14,47.71357,8.59167,2,2,0,,,2.46,0.0,,0,0,,,,,,,,0,0,https://sh.ch/CMS/Webseite/Kanton-Schaffhausen/Beh-rde/Verwaltung/Departement-des-Innern/Gesundheitsamt-3209198-DE.html,5.0,0.0
286,2020-04-23 18:03:24,2020-03-18 02:00:00,,SH,Schaffhausen,14,47.71357,8.59167,8,8,0,,,9.83,0.0,,0,0,,,,,,,,6,0,https://sh.ch/CMS/Webseite/Kanton-Schaffhausen/Beh-rde/Verwaltung/Departement-des-Innern/Gesundheitsamt-3209198-DE.html,1.666667,0.0
308,2020-04-23 18:03:24,2020-03-19 02:00:00,,SH,Schaffhausen,14,47.71357,8.59167,12,12,0,,,14.74,0.0,,0,0,,,,,,,,4,0,https://sh.ch/CMS/Webseite/Kanton-Schaffhausen/Beh-rde/Verwaltung/Departement-des-Innern/Gesundheitsamt-3209198-DE.html,1.394715,0.0
329,2020-04-23 18:03:24,2020-03-20 02:00:00,,SH,Schaffhausen,14,47.71357,8.59167,17,17,0,,,20.88,0.0,,0,0,,,,,,,,5,0,https://sh.ch/CMS/Webseite/Kanton-Schaffhausen/Beh-rde/Verwaltung/Departement-des-Innern/Gesundheitsamt-3209198-DE.html,1.223253,0.0
350,2020-04-23 18:03:24,2020-03-21 02:00:00,,SH,Schaffhausen,14,47.71357,8.59167,28,28,0,,,34.4,0.0,,0,0,,,,,,,,11,0,https://sh.ch/CMS/Webseite/Kanton-Schaffhausen/Beh-rde/Verwaltung/Departement-des-Innern/Gesundheitsamt-3209198-DE.html,1.313248,0.0
370,2020-04-23 18:03:24,2020-03-22 02:00:00,,SH,Schaffhausen,14,47.71357,8.59167,30,30,0,,,36.86,0.0,,0,0,,,,,,,,2,0,https://sh.ch/CMS/Webseite/Kanton-Schaffhausen/Beh-rde/Verwaltung/Departement-des-Innern/Gesundheitsamt-3209198-DE.html,1.27979,0.0
391,2020-04-23 18:03:24,2020-03-23 02:00:00,,SH,Schaffhausen,14,47.71357,8.59167,32,32,0,,,39.31,0.0,,0,0,,,,,,,,2,0,https://sh.ch/CMS/Webseite/Kanton-Schaffhausen/Beh-rde/Verwaltung/Departement-des-Innern/Gesundheitsamt-3209198-DE.html,2.5,0.0
416,2020-04-23 18:03:24,2020-03-24 02:00:00,,SH,Schaffhausen,14,47.71357,8.59167,34,34,0,,,41.77,0.0,,0,0,,,,,,,,2,0,https://sh.ch/CMS/Webseite/Kanton-Schaffhausen/Beh-rde/Verwaltung/Departement-des-Innern/Gesundheitsamt-3209198-DE.html,3.327786,0.0
442,2020-04-23 18:03:24,2020-03-25 02:00:00,,SH,Schaffhausen,14,47.71357,8.59167,35,35,0,10,1,43.0,0.0,,0,0,,,,,,,,1,0,https://sh.ch/CMS/Webseite/Kanton-Schaffhausen/Beh-rde/Verwaltung/Departement-des-Innern/Gesundheitsamt-3209198-DE.html,4.799293,0.0
468,2020-04-23 18:03:24,2020-03-26 02:00:00,,SH,Schaffhausen,14,47.71357,8.59167,36,36,-4,6,1,44.23,0.0,,0,0,,,,,,,,1,0,https://sh.ch/CMS/Webseite/Kanton-Schaffhausen/Beh-rde/Verwaltung/Departement-des-Innern/Gesundheitsamt-3209198-DE.html,13.790437,0.0
494,2020-04-23 18:03:24,2020-03-27 02:00:00,,SH,Schaffhausen,14,47.71357,8.59167,37,37,4,10,1,45.45,0.0,,0,0,,,,,,,,1,0,https://sh.ch/CMS/Webseite/Kanton-Schaffhausen/Beh-rde/Verwaltung/Departement-des-Innern/Gesundheitsamt-3209198-DE.html,16.525497,0.0
518,2020-04-23 18:03:24,2020-03-28 02:00:00,,SH,Schaffhausen,14,47.71357,8.59167,40,40,4,14,1,49.14,0.0,,0,0,,,,,,,,3,0,https://sh.ch/CMS/Webseite/Kanton-Schaffhausen/Beh-rde/Verwaltung/Departement-des-Innern/Gesundheitsamt-3209198-DE.html,15.531419,0.0
540,2020-04-23 18:03:24,2020-03-29 01:00:00,,SH,Schaffhausen,14,47.71357,8.59167,41,41,1,15,1,50.37,0.0,,0,0,,,,,,,,1,0,https://sh.ch/CMS/Webseite/Kanton-Schaffhausen/Beh-rde/Verwaltung/Departement-des-Innern/Gesundheitsamt-3209198-DE.html,18.512405,0.0
567,2020-04-23 18:03:24,2020-03-30 01:00:00,,SH,Schaffhausen,14,47.71357,8.59167,42,42,4,19,3,51.6,0.0,,0,0,,,,,,,,1,0,https://sh.ch/CMS/Webseite/Kanton-Schaffhausen/Beh-rde/Verwaltung/Departement-des-Innern/Gesundheitsamt-3209198-DE.html,19.00892,0.0
593,2020-04-23 18:03:24,2020-03-31 01:00:00,,SH,Schaffhausen,14,47.71357,8.59167,44,44,-1,18,3,54.05,1.229,,0,1,,,,,,,,2,1,https://sh.ch/CMS/Webseite/Kanton-Schaffhausen/Beh-rde/Verwaltung/Departement-des-Innern/Gesundheitsamt-3209198-DE.html,17.270762,0.0
619,2020-04-23 18:03:24,2020-04-01 01:00:00,,SH,Schaffhausen,14,47.71357,8.59167,44,44,-8,10,3,54.05,1.229,,0,1,,,,,,,,0,0,https://sh.ch/CMS/Webseite/Kanton-Schaffhausen/Beh-rde/Verwaltung/Departement-des-Innern/Gesundheitsamt-3209198-DE.html,20.00174,0.0
646,2020-04-23 18:03:24,2020-04-02 01:00:00,,SH,Schaffhausen,14,47.71357,8.59167,47,47,8,18,3,57.74,1.229,,0,1,,,,,,,,3,0,https://sh.ch/CMS/Webseite/Kanton-Schaffhausen/Beh-rde/Verwaltung/Departement-des-Innern/Gesundheitsamt-3209198-DE.html,21.490517,0.0
673,2020-04-23 18:03:24,2020-04-03 01:00:00,,SH,Schaffhausen,14,47.71357,8.59167,47,47,-9,9,3,57.74,1.229,,0,1,,,,,,,,0,0,https://sh.ch/CMS/Webseite/Kanton-Schaffhausen/Beh-rde/Verwaltung/Departement-des-Innern/Gesundheitsamt-3209198-DE.html,25.375964,0.0
696,2020-04-23 18:03:24,2020-04-04 01:00:00,,SH,Schaffhausen,14,47.71357,8.59167,47,47,3,12,3,57.74,1.229,,0,1,,,,,,,,0,0,https://sh.ch/CMS/Webseite/Kanton-Schaffhausen/Beh-rde/Verwaltung/Departement-des-Innern/Gesundheitsamt-3209198-DE.html,30.812571,0.0
719,2020-04-23 18:03:24,2020-04-05 01:00:00,,SH,Schaffhausen,14,47.71357,8.59167,49,49,0,12,3,60.2,1.229,,0,1,,,,,,,,2,0,https://sh.ch/CMS/Webseite/Kanton-Schaffhausen/Beh-rde/Verwaltung/Departement-des-Innern/Gesundheitsamt-3209198-DE.html,32.200265,
745,2020-04-23 18:03:24,2020-04-06 01:00:00,,SH,Schaffhausen,14,47.71357,8.59167,50,50,3,15,3,61.43,1.229,,0,1,,,,,,,,1,0,https://sh.ch/CMS/Webseite/Kanton-Schaffhausen/Beh-rde/Verwaltung/Departement-des-Innern/Gesundheitsamt-3209198-DE.html,27.111355,
772,2020-04-23 18:03:24,2020-04-07 07:30:00,,SH,Schaffhausen,14,47.71357,8.59167,50,50,-1,14,3,61.43,1.229,,0,1,,,,,,,,0,0,https://sh.ch/CMS/Webseite/Kanton-Schaffhausen/Beh-rde/Verwaltung/Departement-des-Innern/Gesundheitsamt-3209198-DE.html,56.011528,
798,2020-04-23 18:03:24,2020-04-08 07:30:00,,SH,Schaffhausen,14,47.71357,8.59167,50,50,1,15,2,61.43,1.229,,0,1,,,,,,,,0,0,https://sh.ch/CMS/Webseite/Kanton-Schaffhausen/Beh-rde/Verwaltung/Departement-des-Innern/Gesundheitsamt-3209198-DE.html,56.011528,
824,2020-04-23 18:03:24,2020-04-09 07:30:00,,SH,Schaffhausen,14,47.71357,8.59167,52,52,2,17,2,63.88,1.229,,0,1,,,,,,,,2,0,https://sh.ch/CMS/Webseite/Kanton-Schaffhausen/Beh-rde/Verwaltung/Departement-des-Innern/Gesundheitsamt-3209198-DE.html,34.281593,
848,2020-04-23 18:03:24,2020-04-10 07:30:00,,SH,Schaffhausen,14,47.71357,8.59167,53,53,-4,13,2,65.11,1.229,,0,1,,,,,,,,1,0,https://sh.ch/CMS/Webseite/Kanton-Schaffhausen/Beh-rde/Verwaltung/Departement-des-Innern/Gesundheitsamt-3209198-DE.html,44.165472,
874,2020-04-23 18:03:24,2020-04-11 07:30:00,,SH,Schaffhausen,14,47.71357,8.59167,55,55,0,13,2,67.57,1.229,,0,1,,,,,,,,2,0,https://sh.ch/CMS/Webseite/Kanton-Schaffhausen/Beh-rde/Verwaltung/Departement-des-Innern/Gesundheitsamt-3209198-DE.html,36.362704,
897,2020-04-23 18:03:24,2020-04-12 07:30:00,,SH,Schaffhausen,14,47.71357,8.59167,57,57,3,16,2,70.02,1.229,,0,1,,,,,,,,2,0,https://sh.ch/CMS/Webseite/Kanton-Schaffhausen/Beh-rde/Verwaltung/Departement-des-Innern/Gesundheitsamt-3209198-DE.html,26.450293,
923,2020-04-23 18:03:24,2020-04-13 07:30:00,,SH,Schaffhausen,14,47.71357,8.59167,57,57,0,16,2,70.02,1.229,,0,1,,,,,,,,0,0,https://sh.ch/CMS/Webseite/Kanton-Schaffhausen/Beh-rde/Verwaltung/Departement-des-Innern/Gesundheitsamt-3209198-DE.html,26.450293,
949,2020-04-23 18:03:24,2020-04-14 07:30:00,,SH,Schaffhausen,14,47.71357,8.59167,57,57,-6,10,2,70.02,1.229,,0,1,,,,,,,,0,0,https://sh.ch/CMS/Webseite/Kanton-Schaffhausen/Beh-rde/Verwaltung/Departement-des-Innern/Gesundheitsamt-3209198-DE.html,37.75001,
976,2020-04-23 18:03:24,2020-04-15 07:30:00,,SH,Schaffhausen,14,47.71357,8.59167,59,59,1,11,2,72.48,1.229,,0,1,,,,,,,,2,0,https://sh.ch/CMS/Webseite/Kanton-Schaffhausen/Beh-rde/Verwaltung/Departement-des-Innern/Gesundheitsamt-3209198-DE.html,32.315901,
1003,2020-04-23 18:03:24,2020-04-16 07:30:00,,SH,Schaffhausen,14,47.71357,8.59167,60,60,-1,10,2,73.71,1.229,,0,1,,,,,,,,1,0,https://sh.ch/CMS/Webseite/Kanton-Schaffhausen/Beh-rde/Verwaltung/Departement-des-Innern/Gesundheitsamt-3209198-DE.html,39.830836,
1029,2020-04-23 18:03:24,2020-04-17 07:30:00,,SH,Schaffhausen,14,47.71357,8.59167,60,60,-2,8,2,73.71,1.229,,0,1,,,,,,,,0,0,https://sh.ch/CMS/Webseite/Kanton-Schaffhausen/Beh-rde/Verwaltung/Departement-des-Innern/Gesundheitsamt-3209198-DE.html,67.567037,
1051,2020-04-23 18:03:24,2020-04-18 07:30:00,,SH,Schaffhausen,14,47.71357,8.59167,61,61,3,11,4,74.94,1.229,,0,1,,,,,,,,1,0,https://sh.ch/CMS/Webseite/Kanton-Schaffhausen/Beh-rde/Verwaltung/Departement-des-Innern/Gesundheitsamt-3209198-DE.html,51.100018,
1075,2020-04-23 18:03:24,2020-04-19 07:30:00,,SH,Schaffhausen,14,47.71357,8.59167,62,62,-5,6,2,76.17,1.229,,0,1,,,,,,,,1,0,https://sh.ch/CMS/Webseite/Kanton-Schaffhausen/Beh-rde/Verwaltung/Departement-des-Innern/Gesundheitsamt-3209198-DE.html,41.217976,
1102,2020-04-23 18:03:24,2020-04-20 07:30:00,,SH,Schaffhausen,14,47.71357,8.59167,63,63,0,6,2,77.4,1.229,,0,1,,,,,,,,1,0,https://sh.ch/CMS/Webseite/Kanton-Schaffhausen/Beh-rde/Verwaltung/Departement-des-Innern/Gesundheitsamt-3209198-DE.html,52.833529,
1129,2020-04-23 18:03:24,2020-04-21 07:30:00,,SH,Schaffhausen,14,47.71357,8.59167,63,63,4,10,2,77.4,2.457,,0,2,,,,,,,,0,1,https://sh.ch/CMS/Webseite/Kanton-Schaffhausen/Beh-rde/Verwaltung/Departement-des-Innern/Gesundheitsamt-3209198-DE.html,71.033495,5.0
1156,2020-04-23 18:03:24,2020-04-22 07:30:00,,SH,Schaffhausen,14,47.71357,8.59167,63,63,0,10,2,77.4,3.686,,0,3,,,,,,,,0,1,https://sh.ch/CMS/Webseite/Kanton-Schaffhausen/Beh-rde/Verwaltung/Departement-des-Innern/Gesundheitsamt-3209198-DE.html,71.033495,3.154649
1180,2020-04-23 18:03:24,2020-04-23 07:30:00,,SH,Schaffhausen,14,47.71357,8.59167,65,65,-2,8,2,79.85,3.686,,0,3,,,,,,,,2,0,https://sh.ch/CMS/Webseite/Kanton-Schaffhausen/Beh-rde/Verwaltung/Departement-des-Innern/Gesundheitsamt-3209198-DE.html,54.566998,3.154649
