,last_update,timestamp,tests_performed,abbreviation_canton,name_canton,number_canton,lat,long,total_positive_cases,total_currently_positive_cases,new_hosp,total_hospitalized,intensive_care,total_currently_positive_per_100k,deaths_per_100k,released,ncumul_ICU_intub,deaths,ncumul_vent,ncumul_confirmed_non_resident,current_hosp_non_resident,TotalPosTests1,ninst_ICU_intub,ncumul_ICF,new_positive_cases,new_deaths,source,doubling_time_total_positive,doubling_time_fatalities
62,2020-04-30 04:03:26,2020-03-03 02:00:00,1,SZ,Schwyz,05,47.061787,8.756585,1,1,0,,,0.64,,,0,,,,,,,,0,0,https://www.sz.ch/public/upload/assets/45351/MM_Coronavirus_4_3_2020.pdf,0.0,0.0
79,2020-04-30 04:03:26,2020-03-04 02:00:00,3,SZ,Schwyz,05,47.061787,8.756585,3,3,0,1,,1.91,,,0,,,,,,,,2,0,https://www.sz.ch/public/upload/assets/45351/MM_Coronavirus_4_3_2020.pdf,0.0,0.0
109,2020-04-30 04:03:26,2020-03-06 02:00:00,6,SZ,Schwyz,05,47.061787,8.756585,6,6,0,1,,3.81,,,0,,,,,,,,3,0,https://www.sz.ch/public/upload/assets/45417/MM_Coronavirus_6_3_2020.pdf,0.0,0.0
210,2020-04-30 04:03:26,2020-03-13 11:00:00,10,SZ,Schwyz,05,47.061787,8.756585,9,9,0,1,,5.72,,,0,,,,,,,,3,0,https://www.sz.ch/public/upload/assets/45585/MM_Coronavirus_13_03_2020.pdf,0.0,0.0
227,2020-04-30 04:03:26,2020-03-14 02:03:00,10,SZ,Schwyz,05,47.061787,8.756585,12,12,0,1,,7.63,,,0,,,,,,,,3,0,https://www.bote.ch/nachrichten/schwyz/schwyz_bdu/coronavirus-einsatz-fuer-spitalbataillon-5,0.0,0.0
242,2020-04-30 04:03:26,2020-03-15 02:00:00,10,SZ,Schwyz,05,47.061787,8.756585,13,13,0,1,,8.26,,,0,,,,,,,,1,0,https://www.sz.ch/public/upload/assets/45590/MM_Coronavirus_15_3_2020.pdf,1.351191,0.0
437,2020-04-30 04:03:26,2020-03-24 02:00:00,10,SZ,Schwyz,05,47.061787,8.756585,97,97,0,1,,61.67,0.0,10,0,0,,,,,,,84,0,https://www.sz.ch/public/upload/assets/46363/COVID-19_Fallzahlen_Kanton_Schwyz.xlsx,0.997019,0.0
464,2020-04-30 04:03:26,2020-03-25 02:00:00,10,SZ,Schwyz,05,47.061787,8.756585,97,97,0,1,,61.67,0.0,10,0,0,,,,,,,0,0,https://www.sz.ch/public/upload/assets/46363/COVID-19_Fallzahlen_Kanton_Schwyz.xlsx,1.245345,0.0
490,2020-04-30 04:03:26,2020-03-26 02:00:00,10,SZ,Schwyz,05,47.061787,8.756585,107,107,0,1,,68.02,0.0,20,0,0,,,,,,,0,0,https://www.sz.ch/public/upload/assets/46363/COVID-19_Fallzahlen_Kanton_Schwyz.xlsx,1.399956,0.0
516,2020-04-30 04:03:26,2020-03-27 02:00:00,10,SZ,Schwyz,05,47.061787,8.756585,119,119,0,1,,75.65,0.636,32,0,1,,,,,,,12,1,https://www.sz.ch/public/upload/assets/46363/COVID-19_Fallzahlen_Kanton_Schwyz.xlsx,1.51064,0.0
541,2020-04-30 04:03:26,2020-03-28 02:00:00,10,SZ,Schwyz,05,47.061787,8.756585,122,122,0,1,,77.56,0.636,33,0,1,,,,,,,3,0,https://www.sz.ch/public/upload/assets/46363/COVID-19_Fallzahlen_Kanton_Schwyz.xlsx,1.547845,0.0
565,2020-04-30 04:03:26,2020-03-29 01:00:00,10,SZ,Schwyz,05,47.061787,8.756585,128,128,0,1,,81.37,1.271,33,0,2,,,,,,,6,1,https://www.sz.ch/public/upload/assets/46363/COVID-19_Fallzahlen_Kanton_Schwyz.xlsx,12.497277,0.0
591,2020-04-30 04:03:26,2020-03-30 01:00:00,10,SZ,Schwyz,05,47.061787,8.756585,135,135,0,1,,85.82,1.271,33,0,2,,,,,,,7,0,https://www.sz.ch/public/upload/assets/46363/COVID-19_Fallzahlen_Kanton_Schwyz.xlsx,10.484318,0.0
618,2020-04-30 04:03:26,2020-03-31 01:00:00,10,SZ,Schwyz,05,47.061787,8.756585,140,140,0,1,,89.0,2.543,48,0,4,,,,,,,5,2,https://www.sz.ch/public/upload/assets/46363/COVID-19_Fallzahlen_Kanton_Schwyz.xlsx,12.892711,0.0
644,2020-04-30 04:03:26,2020-04-01 01:00:00,10,SZ,Schwyz,05,47.061787,8.756585,146,146,0,1,,92.82,2.543,65,0,4,,,,,,,6,0,https://www.sz.ch/public/upload/assets/46363/COVID-19_Fallzahlen_Kanton_Schwyz.xlsx,16.948762,2.5
671,2020-04-30 04:03:26,2020-04-02 01:00:00,10,SZ,Schwyz,05,47.061787,8.756585,155,155,0,1,,98.54,2.543,65,0,4,,,,,,,9,0,https://www.sz.ch/public/upload/assets/46363/COVID-19_Fallzahlen_Kanton_Schwyz.xlsx,14.476512,2.5
698,2020-04-30 04:03:26,2020-04-03 01:00:00,10,SZ,Schwyz,05,47.061787,8.756585,165,165,0,1,,104.9,2.543,75,0,4,,,,,,,10,0,https://www.sz.ch/public/upload/assets/46363/COVID-19_Fallzahlen_Kanton_Schwyz.xlsx,13.649186,5.0
723,2020-04-30 04:03:26,2020-04-04 01:00:00,10,SZ,Schwyz,05,47.061787,8.756585,168,168,0,1,,106.8,3.179,92,0,5,,,,,,,3,1,https://www.sz.ch/public/upload/assets/46363/COVID-19_Fallzahlen_Kanton_Schwyz.xlsx,15.847769,3.782354
747,2020-04-30 04:03:26,2020-04-05 01:00:00,10,SZ,Schwyz,05,47.061787,8.756585,170,170,0,1,,108.07,3.179,93,0,5,,,,,,,2,0,https://www.sz.ch/public/upload/assets/46363/COVID-19_Fallzahlen_Kanton_Schwyz.xlsx,17.850263,15.531419
773,2020-04-30 04:03:26,2020-04-06 01:00:00,10,SZ,Schwyz,05,47.061787,8.756585,178,178,0,1,,113.16,3.814,93,0,6,,,,,,,8,1,https://www.sz.ch/public/upload/assets/46363/COVID-19_Fallzahlen_Kanton_Schwyz.xlsx,17.48809,8.547556
800,2020-04-30 04:03:26,2020-04-07 01:00:00,10,SZ,Schwyz,05,47.061787,8.756585,185,185,0,1,,117.61,4.45,105,0,7,,,,,,,7,1,https://www.sz.ch/public/upload/assets/46363/COVID-19_Fallzahlen_Kanton_Schwyz.xlsx,19.588097,6.193063
826,2020-04-30 04:03:26,2020-04-08 01:00:00,10,SZ,Schwyz,05,47.061787,8.756585,196,196,0,1,,124.6,4.45,107,0,7,,,,,,,11,0,https://www.sz.ch/public/upload/assets/46363/COVID-19_Fallzahlen_Kanton_Schwyz.xlsx,20.129827,6.193063
852,2020-04-30 04:03:26,2020-04-09 01:00:00,10,SZ,Schwyz,05,47.061787,8.756585,213,213,0,1,,135.41,5.722,113,0,9,,,,,,,17,2,https://www.sz.ch/public/upload/assets/46363/COVID-19_Fallzahlen_Kanton_Schwyz.xlsx,14.603137,5.896248
877,2020-04-30 04:03:26,2020-04-10 01:00:00,10,SZ,Schwyz,05,47.061787,8.756585,215,215,0,1,,136.68,6.357,118,0,10,,,,,,,2,1,https://www.sz.ch/public/upload/assets/46363/COVID-19_Fallzahlen_Kanton_Schwyz.xlsx,14.757886,5.0
903,2020-04-30 04:03:26,2020-04-11 01:00:00,10,SZ,Schwyz,05,47.061787,8.756585,249,249,0,1,,158.3,6.357,118,0,10,,,,,,,34,0,https://www.sz.ch/public/upload/assets/46363/COVID-19_Fallzahlen_Kanton_Schwyz.xlsx,10.324851,6.784577
927,2020-04-30 04:03:26,2020-04-12 01:00:00,10,SZ,Schwyz,05,47.061787,8.756585,251,251,0,1,,159.57,6.993,119,0,11,,,,,,,2,1,https://www.sz.ch/public/upload/assets/46363/COVID-19_Fallzahlen_Kanton_Schwyz.xlsx,11.359452,7.66781
953,2020-04-30 04:03:26,2020-04-13 01:00:00,10,SZ,Schwyz,05,47.061787,8.756585,251,251,0,1,,159.57,7.629,128,0,12,,,,,,,0,1,https://www.sz.ch/public/upload/assets/46363/COVID-19_Fallzahlen_Kanton_Schwyz.xlsx,14.012129,6.429978
979,2020-04-30 04:03:26,2020-04-14 01:00:00,10,SZ,Schwyz,05,47.061787,8.756585,258,258,0,1,,164.02,8.264,128,0,13,,,,,,,7,1,https://www.sz.ch/public/upload/assets/46363/COVID-19_Fallzahlen_Kanton_Schwyz.xlsx,18.082029,9.424809
1006,2020-04-30 04:03:26,2020-04-15 01:00:00,10,SZ,Schwyz,05,47.061787,8.756585,261,261,0,1,,165.92,8.264,144,0,13,,,,,,,3,0,https://www.sz.ch/public/upload/assets/46363/COVID-19_Fallzahlen_Kanton_Schwyz.xlsx,17.875456,13.209634
1033,2020-04-30 04:03:26,2020-04-16 01:00:00,10,SZ,Schwyz,05,47.061787,8.756585,265,265,0,1,,168.47,8.9,154,0,14,,,,,,,4,1,https://www.sz.ch/public/upload/assets/46363/COVID-19_Fallzahlen_Kanton_Schwyz.xlsx,55.650398,10.300214
1060,2020-04-30 04:03:26,2020-04-17 01:00:00,10,SZ,Schwyz,05,47.061787,8.756585,266,266,0,1,,169.1,8.9,161,0,14,,,,,,,1,0,https://www.sz.ch/public/upload/assets/46363/COVID-19_Fallzahlen_Kanton_Schwyz.xlsx,59.709419,14.370983
1084,2020-04-30 04:03:26,2020-04-18 01:00:00,10,SZ,Schwyz,05,47.061787,8.756585,266,266,0,1,,169.1,8.9,176,0,14,,,,,,,0,0,https://www.sz.ch/public/upload/assets/46363/COVID-19_Fallzahlen_Kanton_Schwyz.xlsx,59.709419,22.482781
1109,2020-04-30 04:03:26,2020-04-19 01:00:00,10,SZ,Schwyz,05,47.061787,8.756585,268,268,0,1,,170.38,9.536,180,0,15,,,,,,,2,1,https://www.sz.ch/public/upload/assets/46363/COVID-19_Fallzahlen_Kanton_Schwyz.xlsx,91.137872,24.218836
1136,2020-04-30 04:03:26,2020-04-20 01:00:00,10,SZ,Schwyz,05,47.061787,8.756585,272,272,0,1,,172.92,9.536,180,0,15,,,,,,,4,0,https://www.sz.ch/public/upload/assets/46363/COVID-19_Fallzahlen_Kanton_Schwyz.xlsx,83.953407,24.218836
1163,2020-04-30 04:03:26,2020-04-21 08:00:00,10,SZ,Schwyz,05,47.061787,8.756585,276,276,0,1,,175.46,10.172,192,0,16,,,,,,,4,1,https://www.sz.ch/public/upload/assets/46363/COVID-19_Fallzahlen_Kanton_Schwyz.xlsx,85.213851,25.954465
1190,2020-04-30 04:03:26,2020-04-22 08:00:00,10,SZ,Schwyz,05,47.061787,8.756585,282,282,0,1,,179.28,10.172,194,0,16,,,,,,,6,0,https://www.sz.ch/public/upload/assets/46363/COVID-19_Fallzahlen_Kanton_Schwyz.xlsx,59.333859,25.954465
1217,2020-04-30 04:03:26,2020-04-23 08:00:00,10,SZ,Schwyz,05,47.061787,8.756585,282,282,0,1,,179.28,10.172,198,0,16,,,,,,,0,0,https://www.sz.ch/public/upload/assets/46363/COVID-19_Fallzahlen_Kanton_Schwyz.xlsx,59.333859,25.954465
1244,2020-04-30 04:03:26,2020-04-24 08:00:00,10,SZ,Schwyz,05,47.061787,8.756585,284,284,0,1,,180.55,10.172,206,0,16,,,,,,,2,0,https://www.sz.ch/public/upload/assets/46363/COVID-19_Fallzahlen_Kanton_Schwyz.xlsx,59.767198,53.700268
1268,2020-04-30 04:03:26,2020-04-24 22:01:00,10,SZ,Schwyz,05,47.061787,8.756585,287,287,0,1,,182.45,10.807,215,0,17,,,,,,,3,1,https://www.sz.ch/public/upload/assets/46363/COVID-19_Fallzahlen_Kanton_Schwyz.xlsx,64.56271,27.689748
1291,2020-04-30 04:03:26,2020-04-25 22:01:00,10,SZ,Schwyz,05,47.061787,8.756585,293,293,0,1,,186.27,11.443,216,0,18,,,,,,,6,1,https://www.sz.ch/public/upload/assets/46363/COVID-19_Fallzahlen_Kanton_Schwyz.xlsx,57.982848,29.424746
1318,2020-04-30 04:03:26,2020-04-27 08:00:00,10,SZ,Schwyz,05,47.061787,8.756585,293,293,0,1,,186.27,11.443,216,0,18,,,,,,,0,0,https://www.sz.ch/public/upload/assets/46363/COVID-19_Fallzahlen_Kanton_Schwyz.xlsx,90.570683,29.424746
1345,2020-04-30 04:03:26,2020-04-28 08:00:00,10,SZ,Schwyz,05,47.061787,8.756585,295,295,0,1,,187.54,12.715,223,0,20,,,,,,,2,2,https://www.sz.ch/public/upload/assets/46363/COVID-19_Fallzahlen_Kanton_Schwyz.xlsx,76.899662,15.531419
1368,2020-04-30 04:03:26,2020-04-29 08:00:00,10,SZ,Schwyz,05,47.061787,8.756585,295,295,0,1,,187.54,12.715,224,0,20,,,,,,,0,0,https://www.sz.ch/public/upload/assets/46363/COVID-19_Fallzahlen_Kanton_Schwyz.xlsx,91.200893,15.531419
