,last_update,timestamp,tests_performed,abbreviation_canton,name_canton,number_canton,lat,long,total_positive_cases,total_currently_positive_cases,new_hosp,total_hospitalized,intensive_care,total_currently_positive_per_100k,deaths_per_100k,released,ncumul_ICU_intub,deaths,ncumul_vent,ncumul_confirmed_non_resident,current_hosp_non_resident,TotalPosTests1,ninst_ICU_intub,ncumul_ICF,new_positive_cases,new_deaths,source,doubling_time_total_positive,doubling_time_fatalities
18,2020-04-30 07:03:49,2020-02-28 02:00:00,,VS,Valais/Wallis,23,46.209567,7.604659,1,1,0,5,0,0.29,0.0,,0,0,0,,,,,,0,0,https://www.vs.ch/documents/6756452/7008787/2020%2004%2029%20Sit%20Epid%20-%20%C3%89tat%20Stand,0.0,0.0
26,2020-04-30 07:03:49,2020-02-29 02:00:00,,VS,Valais/Wallis,23,46.209567,7.604659,1,1,0,5,0,0.29,0.0,,0,0,0,,,,,,0,0,https://www.vs.ch/documents/6756452/7008787/2020%2004%2029%20Sit%20Epid%20-%20%C3%89tat%20Stand,0.0,0.0
38,2020-04-30 07:03:49,2020-03-01 02:00:00,,VS,Valais/Wallis,23,46.209567,7.604659,2,2,1,6,0,0.59,0.0,,0,0,0,,,,,,1,0,https://www.vs.ch/documents/6756452/7008787/2020%2004%2029%20Sit%20Epid%20-%20%C3%89tat%20Stand,0.0,0.0
52,2020-04-30 07:03:49,2020-03-02 02:00:00,,VS,Valais/Wallis,23,46.209567,7.604659,3,3,3,9,0,0.88,0.0,,0,0,0,,,,,,1,0,https://www.vs.ch/documents/6756452/7008787/2020%2004%2029%20Sit%20Epid%20-%20%C3%89tat%20Stand,0.0,0.0
65,2020-04-30 07:03:49,2020-03-03 02:00:00,,VS,Valais/Wallis,23,46.209567,7.604659,3,3,2,11,0,0.88,0.0,,0,0,0,,,,,,0,0,https://www.vs.ch/documents/6756452/7008787/2020%2004%2029%20Sit%20Epid%20-%20%C3%89tat%20Stand,0.0,0.0
82,2020-04-30 07:03:49,2020-03-04 02:00:00,,VS,Valais/Wallis,23,46.209567,7.604659,4,4,1,12,0,1.17,0.0,,0,0,0,,,,,,1,0,https://www.vs.ch/documents/6756452/7008787/2020%2004%2029%20Sit%20Epid%20-%20%C3%89tat%20Stand,2.5,0.0
96,2020-04-30 07:03:49,2020-03-05 02:00:00,,VS,Valais/Wallis,23,46.209567,7.604659,5,5,-2,10,0,1.46,0.0,,0,0,0,,,,,,1,0,https://www.vs.ch/documents/6756452/7008787/2020%2004%2029%20Sit%20Epid%20-%20%C3%89tat%20Stand,2.153383,0.0
112,2020-04-30 07:03:49,2020-03-06 02:00:00,,VS,Valais/Wallis,23,46.209567,7.604659,6,6,1,11,0,1.76,0.0,,0,0,0,,,,,,1,0,https://www.vs.ch/documents/6756452/7008787/2020%2004%2029%20Sit%20Epid%20-%20%C3%89tat%20Stand,3.154649,0.0
122,2020-04-30 07:03:49,2020-03-07 02:00:00,,VS,Valais/Wallis,23,46.209567,7.604659,7,7,0,11,0,2.05,0.0,,0,0,0,,,,,,1,0,https://www.vs.ch/documents/6756452/7008787/2020%2004%2029%20Sit%20Epid%20-%20%C3%89tat%20Stand,4.090339,0.0
133,2020-04-30 07:03:49,2020-03-08 02:00:00,,VS,Valais/Wallis,23,46.209567,7.604659,12,12,4,15,1,3.51,0.0,,0,0,1,,,,,,5,0,https://www.vs.ch/documents/6756452/7008787/2020%2004%2029%20Sit%20Epid%20-%20%C3%89tat%20Stand,2.5,0.0
148,2020-04-30 07:03:49,2020-03-09 02:00:00,,VS,Valais/Wallis,23,46.209567,7.604659,17,17,1,16,1,4.98,0.0,,0,0,1,,,,,,5,0,https://www.vs.ch/documents/6756452/7008787/2020%2004%2029%20Sit%20Epid%20-%20%C3%89tat%20Stand,2.395252,0.0
161,2020-04-30 07:03:49,2020-03-10 02:00:00,,VS,Valais/Wallis,23,46.209567,7.604659,22,22,3,19,1,6.44,0.0,3,0,0,1,,,,,,5,0,https://www.vs.ch/documents/6756452/7008787/2020%2004%2029%20Sit%20Epid%20-%20%C3%89tat%20Stand,2.339177,0.0
177,2020-04-30 07:03:49,2020-03-11 02:00:00,,VS,Valais/Wallis,23,46.209567,7.604659,30,30,1,20,1,8.78,0.0,3,0,0,1,,,,,,8,0,https://www.vs.ch/documents/6756452/7008787/2020%2004%2029%20Sit%20Epid%20-%20%C3%89tat%20Stand,2.153383,0.0
196,2020-04-30 07:03:49,2020-03-12 02:00:00,,VS,Valais/Wallis,23,46.209567,7.604659,53,53,7,27,1,15.52,0.0,3,0,0,1,,,,,,23,0,https://www.vs.ch/documents/6756452/7008787/2020%2004%2029%20Sit%20Epid%20-%20%C3%89tat%20Stand,1.711997,0.0
213,2020-04-30 07:03:49,2020-03-13 02:00:00,,VS,Valais/Wallis,23,46.209567,7.604659,76,76,2,29,1,22.25,0.293,3,0,1,1,,,,,,23,1,https://www.vs.ch/documents/6756452/7008787/2020%2004%2029%20Sit%20Epid%20-%20%C3%89tat%20Stand,1.877606,0.0
230,2020-04-30 07:03:49,2020-03-14 02:00:00,,VS,Valais/Wallis,23,46.209567,7.604659,98,98,4,33,1,28.7,0.293,3,0,1,1,,,,,,22,0,https://www.vs.ch/documents/6756452/7008787/2020%2004%2029%20Sit%20Epid%20-%20%C3%89tat%20Stand,1.978437,0.0
245,2020-04-30 07:03:49,2020-03-15 02:00:00,,VS,Valais/Wallis,23,46.209567,7.604659,115,115,2,35,1,33.67,0.586,3,0,2,1,,,,,,17,1,https://www.vs.ch/documents/6756452/7008787/2020%2004%2029%20Sit%20Epid%20-%20%C3%89tat%20Stand,2.095506,0.0
263,2020-04-30 07:03:49,2020-03-16 02:00:00,,VS,Valais/Wallis,23,46.209567,7.604659,172,172,6,41,2,50.37,0.878,3,0,3,1,,,,,,57,1,https://www.vs.ch/documents/6756452/7008787/2020%2004%2029%20Sit%20Epid%20-%20%C3%89tat%20Stand,1.98462,0.0
283,2020-04-30 07:03:49,2020-03-17 02:00:00,,VS,Valais/Wallis,23,46.209567,7.604659,225,225,5,46,2,65.89,0.878,3,0,3,2,,,,,,53,0,https://www.vs.ch/documents/6756452/7008787/2020%2004%2029%20Sit%20Epid%20-%20%C3%89tat%20Stand,2.397092,0.0
307,2020-04-30 07:03:49,2020-03-18 02:00:00,,VS,Valais/Wallis,23,46.209567,7.604659,312,312,12,58,2,91.36,1.171,3,0,4,2,,,,,,87,1,https://www.vs.ch/documents/6756452/7008787/2020%2004%2029%20Sit%20Epid%20-%20%C3%89tat%20Stand,2.454018,2.5
328,2020-04-30 07:03:49,2020-03-19 02:00:00,,VS,Valais/Wallis,23,46.209567,7.604659,349,349,6,64,5,102.2,1.757,3,0,6,5,,,,,,37,2,https://www.vs.ch/documents/6756452/7008787/2020%2004%2029%20Sit%20Epid%20-%20%C3%89tat%20Stand,2.728702,1.934264
351,2020-04-30 07:03:49,2020-03-20 02:00:00,,VS,Valais/Wallis,23,46.209567,7.604659,436,436,9,73,6,127.67,2.05,3,0,7,5,,,,,,87,1,https://www.vs.ch/documents/6756452/7008787/2020%2004%2029%20Sit%20Epid%20-%20%C3%89tat%20Stand,2.600517,2.766474
372,2020-04-30 07:03:49,2020-03-21 02:00:00,,VS,Valais/Wallis,23,46.209567,7.604659,498,498,10,83,8,145.83,2.928,3,0,10,6,,,,,,62,3,https://www.vs.ch/documents/6756452/7008787/2020%2004%2029%20Sit%20Epid%20-%20%C3%89tat%20Stand,3.260011,2.878583
391,2020-04-30 07:03:49,2020-03-22 02:00:00,,VS,Valais/Wallis,23,46.209567,7.604659,535,535,9,92,11,156.66,3.221,3,0,11,7,,,,,,37,1,https://www.vs.ch/documents/6756452/7008787/2020%2004%2029%20Sit%20Epid%20-%20%C3%89tat%20Stand,4.001236,2.667422
416,2020-04-30 07:03:49,2020-03-23 02:00:00,,VS,Valais/Wallis,23,46.209567,7.604659,628,628,12,104,12,183.89,3.807,3,0,13,9,,,,,,93,2,https://www.vs.ch/documents/6756452/7008787/2020%2004%2029%20Sit%20Epid%20-%20%C3%89tat%20Stand,4.954328,2.940416
442,2020-04-30 07:03:49,2020-03-24 02:00:00,,VS,Valais/Wallis,23,46.209567,7.604659,728,728,13,117,13,213.18,4.1,3,0,14,12,,,,,,100,1,https://www.vs.ch/documents/6756452/7008787/2020%2004%2029%20Sit%20Epid%20-%20%C3%89tat%20Stand,4.713817,4.090339
468,2020-04-30 07:03:49,2020-03-25 02:00:00,,VS,Valais/Wallis,23,46.209567,7.604659,793,793,1,118,15,232.21,4.392,3,0,15,14,,,,,,65,1,https://www.vs.ch/documents/6756452/7008787/2020%2004%2029%20Sit%20Epid%20-%20%C3%89tat%20Stand,5.793792,4.547374
495,2020-04-30 07:03:49,2020-03-26 02:00:00,,VS,Valais/Wallis,23,46.209567,7.604659,874,874,10,128,19,255.93,4.978,3,0,17,17,,,,,,81,2,https://www.vs.ch/documents/6756452/7008787/2020%2004%2029%20Sit%20Epid%20-%20%C3%89tat%20Stand,6.161524,6.531382
521,2020-04-30 07:03:49,2020-03-27 02:00:00,,VS,Valais/Wallis,23,46.209567,7.604659,968,968,9,137,20,283.46,6.149,3,0,21,16,,,,,,94,4,https://www.vs.ch/documents/6756452/7008787/2020%2004%2029%20Sit%20Epid%20-%20%C3%89tat%20Stand,5.844753,5.359713
546,2020-04-30 07:03:49,2020-03-28 02:00:00,,VS,Valais/Wallis,23,46.209567,7.604659,1017,1017,5,142,21,297.8,7.321,3,0,25,19,,,,,,49,4,https://www.vs.ch/documents/6756452/7008787/2020%2004%2029%20Sit%20Epid%20-%20%C3%89tat%20Stand,7.189246,5.299886
570,2020-04-30 07:03:49,2020-03-29 01:00:00,,VS,Valais/Wallis,23,46.209567,7.604659,1055,1055,10,152,22,308.93,9.078,3,0,31,21,,,,,,38,6,https://www.vs.ch/documents/6756452/7008787/2020%2004%2029%20Sit%20Epid%20-%20%C3%89tat%20Stand,9.341732,4.359801
596,2020-04-30 07:03:49,2020-03-30 01:00:00,,VS,Valais/Wallis,23,46.209567,7.604659,1144,1144,0,152,25,334.99,10.249,3,0,35,23,,,,,,89,4,https://www.vs.ch/documents/6756452/7008787/2020%2004%2029%20Sit%20Epid%20-%20%C3%89tat%20Stand,9.457261,4.090339
623,2020-04-30 07:03:49,2020-03-31 01:00:00,,VS,Valais/Wallis,23,46.209567,7.604659,1211,1211,-1,151,24,354.61,10.835,3,0,37,23,,,,,,67,2,https://www.vs.ch/documents/6756452/7008787/2020%2004%2029%20Sit%20Epid%20-%20%C3%89tat%20Stand,10.627135,4.456366
649,2020-04-30 07:03:49,2020-04-01 01:00:00,,VS,Valais/Wallis,23,46.209567,7.604659,1282,1282,-6,145,26,375.4,11.713,70,0,40,25,,,,,,71,3,https://www.vs.ch/documents/6756452/7008787/2020%2004%2029%20Sit%20Epid%20-%20%C3%89tat%20Stand,12.336014,5.378596
676,2020-04-30 07:03:49,2020-04-02 01:00:00,,VS,Valais/Wallis,23,46.209567,7.604659,1334,1334,0,145,28,390.63,13.763,88,0,47,24,,,,,,52,7,https://www.vs.ch/documents/6756452/7008787/2020%2004%2029%20Sit%20Epid%20-%20%C3%89tat%20Stand,12.773383,5.490085
703,2020-04-30 07:03:49,2020-04-03 01:00:00,,VS,Valais/Wallis,23,46.209567,7.604659,1383,1383,0,145,26,404.98,14.934,91,0,51,23,,,,,,49,4,https://www.vs.ch/documents/6756452/7008787/2020%2004%2029%20Sit%20Epid%20-%20%C3%89tat%20Stand,12.802191,6.961568
728,2020-04-30 07:03:49,2020-04-04 01:00:00,,VS,Valais/Wallis,23,46.209567,7.604659,1416,1416,3,148,28,414.64,15.52,95,0,53,23,,,,,,33,2,https://www.vs.ch/documents/6756452/7008787/2020%2004%2029%20Sit%20Epid%20-%20%C3%89tat%20Stand,16.247787,8.352301
752,2020-04-30 07:03:49,2020-04-05 01:00:00,,VS,Valais/Wallis,23,46.209567,7.604659,1431,1431,-3,145,26,419.03,16.691,95,0,57,23,,,,,,15,4,https://www.vs.ch/documents/6756452/7008787/2020%2004%2029%20Sit%20Epid%20-%20%C3%89tat%20Stand,20.761981,8.020061
778,2020-04-30 07:03:49,2020-04-06 01:00:00,,VS,Valais/Wallis,23,46.209567,7.604659,1497,1497,-13,132,26,438.36,17.57,105,0,60,22,,,,,,66,3,https://www.vs.ch/documents/6756452/7008787/2020%2004%2029%20Sit%20Epid%20-%20%C3%89tat%20Stand,22.353566,8.547556
805,2020-04-30 07:03:49,2020-04-07 01:00:00,,VS,Valais/Wallis,23,46.209567,7.604659,1536,1536,-3,129,25,449.78,19.912,123,0,68,20,,,,,,39,8,https://www.vs.ch/documents/6756452/7008787/2020%2004%2029%20Sit%20Epid%20-%20%C3%89tat%20Stand,24.579742,9.383081
831,2020-04-30 07:03:49,2020-04-08 01:00:00,,VS,Valais/Wallis,23,46.209567,7.604659,1570,1570,-7,122,26,459.74,20.791,130,0,71,20,,,,,,34,3,https://www.vs.ch/documents/6756452/7008787/2020%2004%2029%20Sit%20Epid%20-%20%C3%89tat%20Stand,27.32787,10.475114
857,2020-04-30 07:03:49,2020-04-09 01:00:00,,VS,Valais/Wallis,23,46.209567,7.604659,1598,1598,-5,117,24,467.94,22.548,136,0,77,19,,,,,,28,6,https://www.vs.ch/documents/6756452/7008787/2020%2004%2029%20Sit%20Epid%20-%20%C3%89tat%20Stand,28.662141,9.278743
882,2020-04-30 07:03:49,2020-04-10 01:00:00,,VS,Valais/Wallis,23,46.209567,7.604659,1627,1627,-2,115,24,476.43,24.305,136,0,83,18,,,,,,29,6,https://www.vs.ch/documents/6756452/7008787/2020%2004%2029%20Sit%20Epid%20-%20%C3%89tat%20Stand,26.999214,9.22255
908,2020-04-30 07:03:49,2020-04-11 01:00:00,,VS,Valais/Wallis,23,46.209567,7.604659,1653,1653,-3,112,20,484.04,24.89,148,0,85,15,,,,,,26,2,https://www.vs.ch/documents/6756452/7008787/2020%2004%2029%20Sit%20Epid%20-%20%C3%89tat%20Stand,34.961978,9.950242
932,2020-04-30 07:03:49,2020-04-12 01:00:00,,VS,Valais/Wallis,23,46.209567,7.604659,1666,1666,-2,110,22,487.85,26.647,157,0,91,14,,,,,,13,6,https://www.vs.ch/documents/6756452/7008787/2020%2004%2029%20Sit%20Epid%20-%20%C3%89tat%20Stand,42.658409,11.895365
958,2020-04-30 07:03:49,2020-04-13 01:00:00,,VS,Valais/Wallis,23,46.209567,7.604659,1680,1680,-4,106,21,491.95,27.233,157,0,93,12,,,,,,14,2,https://www.vs.ch/documents/6756452/7008787/2020%2004%2029%20Sit%20Epid%20-%20%C3%89tat%20Stand,51.178815,12.839882
984,2020-04-30 07:03:49,2020-04-14 01:00:00,,VS,Valais/Wallis,23,46.209567,7.604659,1707,1707,-6,100,20,499.85,27.526,165,0,94,11,,,,,,27,1,https://www.vs.ch/documents/6756452/7008787/2020%2004%2029%20Sit%20Epid%20-%20%C3%89tat%20Stand,52.523408,17.373036
1011,2020-04-30 07:03:49,2020-04-15 01:00:00,,VS,Valais/Wallis,23,46.209567,7.604659,1723,1723,-6,94,20,504.54,27.526,175,0,94,12,,,,,,16,0,https://www.vs.ch/documents/6756452/7008787/2020%2004%2029%20Sit%20Epid%20-%20%C3%89tat%20Stand,60.453315,27.847486
1038,2020-04-30 07:03:49,2020-04-16 01:00:00,,VS,Valais/Wallis,23,46.209567,7.604659,1740,1740,-3,91,17,509.52,27.818,178,0,95,12,,,,,,17,1,https://www.vs.ch/documents/6756452/7008787/2020%2004%2029%20Sit%20Epid%20-%20%C3%89tat%20Stand,67.567037,31.159507
1065,2020-04-30 07:03:49,2020-04-17 01:00:00,,VS,Valais/Wallis,23,46.209567,7.604659,1759,1759,-7,84,16,515.08,28.99,184,0,99,10,,,,,,19,4,https://www.vs.ch/documents/6756452/7008787/2020%2004%2029%20Sit%20Epid%20-%20%C3%89tat%20Stand,63.802299,41.131281
1089,2020-04-30 07:03:49,2020-04-18 01:00:00,,VS,Valais/Wallis,23,46.209567,7.604659,1768,1768,-1,83,18,517.72,30.454,185,0,104,10,,,,,,9,5,https://www.vs.ch/documents/6756452/7008787/2020%2004%2029%20Sit%20Epid%20-%20%C3%89tat%20Stand,67.882172,31.00181
1114,2020-04-30 07:03:49,2020-04-19 01:00:00,,VS,Valais/Wallis,23,46.209567,7.604659,1775,1775,-2,81,16,519.77,31.332,204,0,107,9,,,,,,7,3,https://www.vs.ch/documents/6756452/7008787/2020%2004%2029%20Sit%20Epid%20-%20%C3%89tat%20Stand,88.721751,26.755404
1141,2020-04-30 07:03:49,2020-04-20 01:00:00,,VS,Valais/Wallis,23,46.209567,7.604659,1792,1792,-5,76,15,524.74,32.211,206,0,110,9,,,,,,17,3,https://www.vs.ch/documents/6756452/7008787/2020%2004%2029%20Sit%20Epid%20-%20%C3%89tat%20Stand,88.264469,22.048688
1168,2020-04-30 07:03:49,2020-04-21 01:00:00,,VS,Valais/Wallis,23,46.209567,7.604659,1799,1799,-3,73,14,526.79,33.675,210,0,115,11,,,,,,7,5,https://www.vs.ch/documents/6756452/7008787/2020%2004%2029%20Sit%20Epid%20-%20%C3%89tat%20Stand,103.933076,18.139968
1195,2020-04-30 07:03:49,2020-04-22 01:00:00,,VS,Valais/Wallis,23,46.209567,7.604659,1805,1805,1,74,13,528.55,34.553,210,0,118,11,,,,,,6,3,https://www.vs.ch/documents/6756452/7008787/2020%2004%2029%20Sit%20Epid%20-%20%C3%89tat%20Stand,134.25214,19.740497
1222,2020-04-30 07:03:49,2020-04-23 01:00:00,,VS,Valais/Wallis,23,46.209567,7.604659,1821,1821,-4,70,13,533.24,36.018,211,0,123,10,,,,,,16,5,https://www.vs.ch/documents/6756452/7008787/2020%2004%2029%20Sit%20Epid%20-%20%C3%89tat%20Stand,117.336056,20.654774
1249,2020-04-30 07:03:49,2020-04-24 01:00:00,,VS,Valais/Wallis,23,46.209567,7.604659,1830,1830,-4,66,14,535.87,37.189,218,0,127,10,,,,,,9,4,https://www.vs.ch/documents/6756452/7008787/2020%2004%2029%20Sit%20Epid%20-%20%C3%89tat%20Stand,113.572804,20.225089
1273,2020-04-30 07:03:49,2020-04-25 01:00:00,,VS,Valais/Wallis,23,46.209567,7.604659,1835,1835,2,68,14,537.34,37.775,218,0,129,10,,,,,,5,2,https://www.vs.ch/documents/6756452/7008787/2020%2004%2029%20Sit%20Epid%20-%20%C3%89tat%20Stand,146.158548,21.751657
1296,2020-04-30 07:03:49,2020-04-26 01:00:00,,VS,Valais/Wallis,23,46.209567,7.604659,1837,1837,2,70,15,537.92,38.36,218,0,131,9,,,,,,2,2,https://www.vs.ch/documents/6756452/7008787/2020%2004%2029%20Sit%20Epid%20-%20%C3%89tat%20Stand,165.802065,26.605233
1323,2020-04-30 07:03:49,2020-04-27 01:00:00,,VS,Valais/Wallis,23,46.209567,7.604659,1850,1850,-10,60,14,541.73,38.653,220,0,132,10,,,,,,13,1,https://www.vs.ch/documents/6756452/7008787/2020%2004%2029%20Sit%20Epid%20-%20%C3%89tat%20Stand,140.740274,30.911697
1349,2020-04-30 07:03:49,2020-04-28 01:00:00,,VS,Valais/Wallis,23,46.209567,7.604659,1852,1852,-4,56,13,542.31,39.531,233,0,135,9,,,,,,2,3,https://www.vs.ch/documents/6756452/7008787/2020%2004%2029%20Sit%20Epid%20-%20%C3%89tat%20Stand,205.312028,37.229779
1374,2020-04-30 07:03:49,2020-04-29 01:00:00,,VS,Valais/Wallis,23,46.209567,7.604659,1853,1853,0,56,11,542.61,39.824,237,0,136,9,,,,,,1,1,https://www.vs.ch/documents/6756452/7008787/2020%2004%2029%20Sit%20Epid%20-%20%C3%89tat%20Stand,277.481291,50.61848
